1º - a (200x)
Linhas: 26, 89, 176, 196, 292, 315, 366, 415, 422, 490, 532, 578, 589, 621, 718, 741, 899, 1020, 1074, 1114, 1124, 1147, 1171, 1185, 1196, 1267, 1289, 1297, 1369, 1393, 1504, 1526, 1606, 1685, 1726, 1839, 1846, 1888, 1957, 1985, 2010, 2093, 2106, 2115, 2185, 2230, 2253, 2409, 2503, 2562, 2661, 2691, 2711, 2712, 2713, 2733, 2770, 2827, 2946, 2948, 2953, 2997, 3034, 3055, 3060, 3061, 3083, 3100, 3128, 3129, 3182, 3190, 3208, 3211, 3233, 3297, 3331, 3391, 3404, 3435, 3577, 3612, 3693, 3701, 3760, 3819, 3835, 3846, 3850, 3852, 3896, 3930, 4012, 4057, 4123, 4188, 4275, 4346, 4401, 4402, 4405, 4466, 4549, 4552, 4556, 4630, 4711, 4722, 4741, 4756, 4771, 4803, 4885, 4898, 4899, 4941, 4968, 4990, 4991, 5008, 5105, 5165, 5170, 5175, 5485, 5522, 5541, 5624, 5677, 5679, 5716, 5751, 5760, 5800, 5805, 5810, 5878, 5879, 5917, 5977, 5992, 6046, 6124, 6134, 6221, 6348, 6458, 6469, 6470, 6477, 6551, 6610, 6691, 6718, 6729, 6760, 6793, 6941, 7021, 7117, 7195, 7289, 7368, 7377, 7430, 7454, 7505, 7514, 7572, 7665, 7684, 7747, 7862, 7870, 7932, 7940, 7968, 7980, 7983, 7992, 8048, 8059, 8108, 8128, 8175, 8207, 8275, 8296, 8325, 8453, 8456, 8481, 8509, 8515, 8528, 8591, 8683, 8723, 8746, 8753

2º - ainda (106x)
Linhas: 502, 568, 690, 740, 845, 908, 989, 1050, 1091, 1214, 1225, 1310, 1321, 1336, 1392, 1445, 1903, 1998, 2048, 2150, 2289, 2610, 2676, 2679, 2726, 2761, 2873, 2890, 2896, 2960, 2981, 3403, 3441, 3551, 3557, 3557, 3660, 3665, 3681, 3689, 3861, 3908, 3951, 4126, 4132, 4146, 4309, 4329, 4345, 4367, 4519, 4584, 4655, 4722, 4842, 5003, 5131, 5173, 5228, 5331, 5409, 5459, 5502, 5545, 5762, 5826, 5833, 5938, 5957, 6054, 6141, 6171, 6379, 6458, 6540, 6715, 6927, 6962, 7018, 7028, 7248, 7305, 7333, 7354, 7374, 7380, 7416, 7497, 7513, 7610, 7631, 7640, 7672, 7699, 7773, 7904, 7964, 7992, 8033, 8142, 8263, 8329, 8358, 8660, 8683, 8802

3º - assim (102x)
Linhas: 89, 100, 230, 248, 301, 336, 384, 388, 462, 466, 486, 661, 875, 950, 969, 1018, 1055, 1326, 1366, 1382, 1418, 1489, 1511, 1800, 1867, 1873, 1877, 1967, 2002, 2093, 2287, 2396, 2491, 2954, 3035, 3057, 3190, 3226, 3279, 3479, 3516, 3537, 3664, 3791, 3845, 3847, 4069, 4082, 4217, 4275, 4479, 4496, 4631, 4680, 4747, 4782, 4795, 4866, 5068, 5290, 5630, 5728, 5806, 5858, 6022, 6111, 6184, 6261, 6359, 6397, 6429, 6447, 6583, 6603, 6631, 6656, 6658, 6743, 6843, 6968, 6988, 7034, 7184, 7344, 7372, 7452, 7511, 7514, 7549, 7585, 7603, 7816, 7886, 7960, 8094, 8120, 8169, 8253, 8337, 8408, 8460, 8547

4º - até (103x)
Linhas: 119, 142, 223, 275, 283, 332, 364, 371, 395, 604, 690, 702, 734, 756, 773, 794, 836, 936, 1071, 1100, 1178, 1227, 1251, 1260, 1291, 1294, 1324, 1326, 1376, 1620, 1626, 1649, 1799, 2083, 2087, 2337, 2399, 2534, 2635, 2727, 2789, 2835, 2918, 3018, 3231, 3674, 3715, 3767, 3835, 4088, 4144, 4200, 4381, 4386, 4464, 4601, 4609, 4624, 4723, 4739, 4887, 4931, 4946, 5043, 5048, 5057, 5201, 5210, 5272, 5357, 5417, 5573, 5584, 5662, 5917, 5978, 6163, 6201, 6488, 6503, 6656, 6680, 6915, 6924, 6959, 7013, 7081, 7167, 7205, 7290, 7304, 7349, 7360, 7382, 7417, 7567, 7770, 7791, 8069, 8176, 8394, 8437, 8441

5º - bem (112x)
Linhas: 232, 245, 263, 266, 345, 411, 604, 634, 648, 658, 666, 699, 752, 760, 779, 876, 950, 1062, 1076, 1650, 1751, 2023, 2061, 2087, 2134, 2220, 2407, 2420, 2506, 2612, 2622, 2688, 2789, 2839, 2842, 2850, 2858, 2904, 2944, 3055, 3220, 3342, 3394, 3501, 3509, 3514, 3625, 3625, 3695, 3697, 3742, 3742, 3782, 3843, 3923, 3924, 3940, 4131, 4148, 4190, 4355, 4382, 4432, 4516, 4810, 4826, 4856, 4968, 4989, 5224, 5480, 5594, 5658, 5824, 5828, 5945, 6066, 6074, 6177, 6300, 6374, 6414, 6428, 6589, 6735, 6843, 6957, 7059, 7124, 7376, 7414, 7449, 7475, 7491, 7849, 7940, 8072, 8111, 8127, 8362, 8366, 8379, 8477, 8514, 8565, 8570, 8622, 8666, 8742, 8748, 8773, 8798

6º - casa (117x)
Linhas: 83, 90, 95, 120, 142, 150, 165, 196, 197, 321, 358, 369, 388, 406, 427, 619, 634, 635, 698, 763, 770, 774, 798, 858, 886, 900, 998, 1069, 1127, 1238, 1271, 1309, 1325, 1360, 1397, 1528, 1700, 1766, 2033, 2039, 2076, 2076, 2095, 2104, 2396, 2408, 2456, 2461, 2684, 2946, 2950, 2960, 2963, 2996, 3005, 3065, 3280, 3484, 3488, 3531, 3532, 3535, 3594, 3686, 3726, 3870, 3933, 4063, 4080, 4106, 4178, 4500, 4606, 4666, 4680, 4728, 5087, 5174, 5276, 5395, 5434, 5833, 5846, 5923, 6112, 6219, 6341, 6344, 6489, 6596, 6632, 6676, 6712, 6728, 6929, 7046, 7188, 7205, 7327, 7378, 7403, 7421, 7445, 7499, 7606, 7675, 7722, 7784, 7812, 7818, 7944, 7962, 7966, 7971, 7993, 8272, 8278

7º - cousa (108x)
Linhas: 137, 155, 157, 364, 552, 613, 692, 693, 732, 837, 845, 868, 989, 1029, 1111, 1129, 1137, 1167, 1329, 1356, 1471, 1476, 1493, 1623, 1627, 1758, 1783, 1947, 2013, 2018, 2026, 2135, 2183, 2197, 2239, 2252, 2259, 2403, 2432, 2442, 2608, 2656, 2724, 2760, 2767, 2787, 2820, 2825, 2987, 3144, 3178, 3317, 3326, 3415, 3461, 3492, 3560, 3646, 3647, 3748, 3753, 3786, 3846, 3851, 3859, 3934, 4169, 4278, 4387, 4580, 4580, 4727, 4807, 5130, 5360, 5483, 5565, 5598, 5898, 5969, 6079, 6108, 6155, 6205, 6242, 6376, 6656, 6657, 6751, 6799, 6960, 7176, 7215, 7482, 7532, 7585, 7627, 7670, 7959, 8023, 8166, 8169, 8230, 8290, 8477, 8559, 8607, 8764

8º - de (235x)
Linhas: 8, 177, 197, 223, 238, 250, 263, 372, 381, 382, 408, 494, 639, 655, 671, 704, 713, 739, 758, 765, 776, 792, 902, 951, 985, 1000, 1040, 1132, 1256, 1290, 1296, 1349, 1507, 1510, 1523, 1525, 1592, 1665, 1693, 1719, 1838, 1841, 1862, 1868, 1931, 1941, 1984, 1989, 1990, 2053, 2070, 2084, 2100, 2267, 2315, 2373, 2399, 2403, 2423, 2445, 2495, 2514, 2534, 2617, 2622, 2684, 2701, 2819, 2824, 2834, 2851, 2883, 2899, 3003, 3043, 3113, 3165, 3166, 3186, 3212, 3227, 3285, 3366, 3461, 3486, 3499, 3506, 3538, 3542, 3563, 3641, 3671, 3705, 3721, 3757, 3758, 3771, 3954, 4015, 4026, 4028, 4051, 4059, 4060, 4084, 4096, 4097, 4101, 4116, 4120, 4129, 4207, 4213, 4298, 4307, 4348, 4510, 4521, 4535, 4623, 4772, 4819, 4822, 4834, 4883, 4912, 4925, 5007, 5162, 5188, 5209, 5214, 5239, 5384, 5457, 5494, 5503, 5504, 5507, 5531, 5546, 5548, 5604, 5640, 5685, 5692, 5701, 5704, 5860, 5877, 5913, 5982, 5993, 6001, 6015, 6023, 6036, 6051, 6054, 6133, 6155, 6160, 6183, 6203, 6259, 6326, 6330, 6356, 6377, 6404, 6452, 6504, 6572, 6615, 6688, 6692, 6693, 6755, 6818, 6820, 6852, 6867, 7044, 7056, 7067, 7081, 7125, 7131, 7170, 7199, 7207, 7296, 7345, 7363, 7372, 7403, 7438, 7449, 7486, 7496, 7510, 7580, 7642, 7670, 7679, 7692, 7808, 7816, 7827, 7830, 7831, 7866, 7885, 7886, 7907, 7926, 7936, 7962, 7978, 7997, 8022, 8032, 8066, 8091, 8144, 8216, 8220, 8341, 8472, 8520, 8722, 8725, 8743, 8747, 8888

9º - disse (96x)
Linhas: 289, 440, 462, 555, 576, 585, 621, 806, 847, 907, 955, 1135, 1144, 1171, 1217, 1420, 1459, 1564, 1598, 1627, 1638, 1658, 1756, 1768, 1783, 1788, 1799, 1803, 1807, 2236, 2268, 2293, 2350, 2539, 2549, 2557, 2602, 2785, 2787, 2888, 2907, 2909, 3393, 3399, 3405, 3733, 3812, 3868, 4229, 4279, 4456, 4634, 4842, 5112, 5128, 5141, 5276, 5328, 5331, 5470, 5757, 5769, 5800, 5827, 5960, 5973, 6015, 6068, 6136, 6166, 6232, 6318, 6732, 6776, 6785, 6809, 6814, 6950, 6957, 6986, 6992, 7033, 7049, 7560, 7613, 7754, 8388, 8628, 8667, 8704, 8711, 8770, 8809, 8857, 8889, 8893

10º - do (77x)
Linhas: 95, 159, 278, 301, 440, 673, 771, 926, 1004, 1671, 1942, 2151, 2236, 2447, 2634, 2738, 3056, 3250, 3537, 3564, 3629, 3637, 3717, 4011, 4048, 4063, 4113, 4126, 4212, 4274, 4495, 4550, 4657, 4663, 4765, 4789, 4902, 4920, 4983, 5146, 5150, 5192, 5344, 5365, 5826, 5895, 5928, 5988, 6129, 6392, 6541, 6553, 6570, 6850, 6940, 6994, 7220, 7283, 7353, 7365, 7440, 7656, 7810, 7834, 7945, 7973, 8280, 8344, 8359, 8379, 8391, 8495, 8511, 8673, 8717, 8867, 8889

11º - e (215x)
Linhas: 88, 92, 103, 230, 233, 270, 277, 367, 446, 468, 476, 568, 642, 667, 686, 716, 757, 760, 858, 894, 975, 998, 1070, 1082, 1150, 1186, 1219, 1240, 1362, 1364, 1419, 1449, 1511, 1533, 1536, 1583, 1609, 1701, 1848, 1872, 1976, 1983, 2036, 2096, 2103, 2255, 2341, 2390, 2412, 2422, 2433, 2443, 2452, 2463, 2476, 2502, 2506, 2554, 2573, 2623, 2667, 2674, 2686, 2724, 2833, 2838, 2949, 3005, 3013, 3077, 3120, 3123, 3230, 3313, 3339, 3352, 3415, 3422, 3430, 3467, 3474, 3493, 3524, 3560, 3562, 3694, 3706, 3735, 3742, 3903, 3931, 3968, 4049, 4066, 4082, 4204, 4233, 4258, 4286, 4345, 4368, 4385, 4389, 4412, 4486, 4583, 4602, 4662, 4679, 4684, 4693, 4694, 4807, 4842, 4856, 4862, 4906, 4936, 4957, 5043, 5083, 5121, 5151, 5168, 5231, 5248, 5315, 5381, 5406, 5444, 5447, 5477, 5488, 5498, 5525, 5535, 5574, 5588, 5593, 5603, 5616, 5617, 5654, 5661, 5797, 5808, 5809, 5814, 5937, 5991, 6006, 6007, 6018, 6165, 6254, 6272, 6281, 6349, 6405, 6472, 6485, 6492, 6523, 6542, 6600, 6649, 6886, 6897, 6929, 7002, 7027, 7042, 7066, 7104, 7177, 7267, 7293, 7300, 7328, 7408, 7435, 7501, 7516, 7593, 7700, 7711, 7854, 7861, 7905, 7916, 7949, 7974, 7994, 8015, 8038, 8204, 8212, 8248, 8257, 8260, 8290, 8383, 8394, 8499, 8532, 8546, 8589, 8621, 8627, 8698, 8832, 8870, 8871, 8877, 8884

12º - ella (140x)
Linhas: 183, 391, 595, 612, 612, 789, 808, 831, 908, 955, 1001, 1113, 1119, 1174, 1250, 1256, 1270, 1288, 1357, 1364, 1367, 1371, 1374, 1376, 1424, 2064, 2206, 2212, 2384, 2393, 2400, 2462, 2479, 2487, 2491, 2516, 2520, 2520, 2606, 2609, 2611, 2613, 2621, 2803, 2818, 2833, 2842, 2848, 2869, 2890, 2898, 2899, 2905, 2909, 2915, 2924, 3071, 3091, 3242, 3250, 3261, 3419, 3423, 3570, 3595, 3641, 3672, 3679, 3691, 3977, 3986, 4039, 4043, 4050, 4395, 4451, 4453, 4523, 4532, 4557, 4594, 4601, 4716, 4721, 4725, 4731, 4758, 4974, 5157, 5699, 5701, 5720, 5729, 5734, 5740, 5803, 5820, 5946, 6372, 6434, 7209, 7232, 7382, 7457, 7474, 7503, 7589, 7612, 7624, 7646, 7662, 7664, 7681, 7684, 7697, 7861, 7865, 7927, 7935, 8014, 8481, 8484, 8485, 8485, 8501, 8600, 8738, 8764, 8767, 8789, 8802, 8809, 8837, 8841, 8853, 8861, 8877, 8889, 8899, 8917

13º - elle (310x)
Linhas: 151, 157, 163, 183, 201, 258, 276, 283, 311, 320, 361, 402, 406, 422, 477, 500, 508, 532, 551, 576, 581, 608, 671, 720, 727, 730, 747, 771, 891, 960, 962, 988, 998, 1000, 1017, 1050, 1091, 1129, 1150, 1197, 1300, 1304, 1324, 1333, 1442, 1473, 1481, 1499, 1522, 1534, 1644, 1645, 1695, 1706, 1724, 1746, 1786, 1918, 1996, 2033, 2067, 2083, 2087, 2090, 2093, 2098, 2134, 2140, 2154, 2156, 2160, 2176, 2217, 2222, 2223, 2228, 2234, 2243, 2247, 2341, 2393, 2432, 2436, 2457, 2491, 2543, 2549, 2640, 2695, 2708, 2713, 2717, 2721, 2737, 2738, 2751, 2759, 2759, 2765, 2776, 2779, 2785, 2812, 2844, 2991, 2992, 2992, 3002, 3011, 3026, 3045, 3057, 3064, 3074, 3083, 3128, 3160, 3169, 3174, 3211, 3233, 3240, 3242, 3244, 3259, 3285, 3288, 3302, 3393, 3399, 3428, 3438, 3535, 3551, 3553, 3559, 3585, 3593, 3612, 3659, 3665, 3774, 3844, 3953, 4030, 4040, 4102, 4135, 4173, 4208, 4213, 4220, 4226, 4285, 4291, 4315, 4383, 4416, 4491, 4502, 4717, 4721, 4798, 4826, 4866, 4876, 4899, 4906, 4914, 4916, 4931, 4944, 4946, 5000, 5003, 5044, 5080, 5091, 5130, 5141, 5158, 5160, 5215, 5358, 5395, 5406, 5450, 5528, 5565, 5567, 5584, 5624, 5635, 5669, 5676, 5681, 5685, 5694, 5719, 5740, 5751, 5752, 5840, 5847, 5855, 5861, 5895, 5911, 5913, 5960, 5962, 6011, 6015, 6063, 6102, 6120, 6128, 6180, 6309, 6368, 6384, 6388, 6416, 6450, 6460, 6584, 6590, 6601, 6607, 6623, 6675, 6715, 6776, 6800, 6885, 6938, 6945, 6963, 6965, 6994, 7019, 7040, 7045, 7123, 7146, 7280, 7318, 7327, 7343, 7373, 7381, 7387, 7392, 7395, 7407, 7417, 7440, 7447, 7454, 7499, 7503, 7547, 7567, 7584, 7678, 7722, 7747, 7754, 7809, 7827, 7829, 7835, 7896, 8009, 8076, 8082, 8215, 8241, 8328, 8413, 8416, 8434, 8435, 8437, 8439, 8444, 8456, 8464, 8467, 8473, 8480, 8488, 8489, 8491, 8542, 8565, 8573, 8582, 8587, 8656, 8678, 8702, 8723, 8749, 8774, 8796, 8826, 8854, 8883, 8893

14º - era (434x)
Linhas: 84, 96, 100, 110, 119, 143, 154, 161, 201, 215, 236, 247, 250, 251, 251, 252, 258, 263, 275, 292, 294, 301, 304, 307, 333, 336, 341, 346, 366, 368, 370, 418, 421, 422, 493, 497, 531, 595, 601, 603, 614, 650, 673, 693, 698, 715, 717, 724, 726, 745, 792, 857, 876, 882, 891, 902, 1028, 1055, 1067, 1076, 1105, 1130, 1131, 1148, 1149, 1150, 1256, 1257, 1268, 1270, 1288, 1291, 1303, 1315, 1319, 1332, 1355, 1367, 1387, 1413, 1470, 1489, 1497, 1559, 1589, 1591, 1593, 1620, 1692, 1702, 1706, 1746, 1768, 1792, 1877, 1920, 1920, 1920, 2021, 2026, 2042, 2050, 2075, 2080, 2096, 2097, 2112, 2253, 2256, 2258, 2274, 2340, 2384, 2419, 2440, 2475, 2475, 2484, 2514, 2537, 2564, 2594, 2612, 2613, 2614, 2614, 2622, 2629, 2653, 2701, 2706, 2721, 2729, 2747, 2760, 2764, 2776, 2781, 2823, 2824, 2824, 2832, 2943, 2943, 2955, 2979, 3012, 3074, 3083, 3089, 3114, 3119, 3132, 3170, 3171, 3173, 3185, 3197, 3245, 3295, 3296, 3296, 3298, 3301, 3392, 3396, 3422, 3442, 3447, 3532, 3532, 3548, 3554, 3581, 3581, 3583, 3609, 3612, 3622, 3681, 3691, 3703, 3735, 3761, 3814, 3834, 3926, 3933, 3939, 3963, 3975, 4041, 4043, 4048, 4052, 4057, 4060, 4070, 4120, 4143, 4190, 4193, 4205, 4209, 4218, 4233, 4302, 4329, 4354, 4386, 4414, 4445, 4499, 4506, 4517, 4525, 4529, 4530, 4545, 4546, 4595, 4596, 4600, 4600, 4606, 4609, 4675, 4711, 4727, 4727, 4820, 4822, 4862, 4878, 4902, 4906, 4950, 4955, 4961, 4964, 4968, 4974, 4979, 4984, 4988, 5073, 5075, 5077, 5083, 5102, 5127, 5131, 5135, 5145, 5151, 5185, 5189, 5196, 5231, 5233, 5246, 5311, 5342, 5356, 5381, 5388, 5404, 5442, 5463, 5494, 5515, 5564, 5567, 5573, 5639, 5673, 5694, 5694, 5708, 5709, 5712, 5804, 5814, 5898, 5901, 5903, 5927, 5928, 5933, 5937, 5942, 5951, 5981, 6006, 6009, 6011, 6018, 6025, 6078, 6083, 6087, 6106, 6107, 6156, 6188, 6208, 6307, 6344, 6370, 6372, 6386, 6392, 6409, 6414, 6473, 6477, 6492, 6499, 6583, 6586, 6639, 6674, 6677, 6691, 6698, 6699, 6715, 6743, 6820, 6851, 6852, 6904, 6920, 6924, 6937, 6941, 6964, 6994, 7014, 7064, 7102, 7144, 7202, 7216, 7248, 7288, 7301, 7339, 7340, 7342, 7343, 7372, 7382, 7392, 7393, 7396, 7401, 7407, 7444, 7446, 7457, 7548, 7552, 7589, 7603, 7662, 7668, 7681, 7827, 7874, 7881, 7915, 7919, 7924, 7931, 7935, 7945, 7972, 8010, 8037, 8037, 8037, 8039, 8064, 8067, 8067, 8089, 8117, 8121, 8126, 8129, 8132, 8150, 8166, 8169, 8187, 8219, 8224, 8275, 8280, 8297, 8313, 8334, 8400, 8472, 8501, 8505, 8508, 8508, 8511, 8519, 8531, 8532, 8532, 8532, 8539, 8574, 8574, 8583, 8596, 8596, 8598, 8607, 8659, 8684, 8686, 8699, 8729, 8733, 8733, 8747, 8766, 8783, 8902

15º - estava (153x)
Linhas: 200, 263, 289, 348, 420, 719, 898, 902, 998, 1100, 1113, 1333, 1397, 1508, 1605, 2090, 2393, 2469, 2474, 2482, 2491, 2529, 2531, 2541, 2560, 2607, 2661, 2681, 2694, 2704, 2734, 2776, 2781, 2783, 2827, 2833, 3032, 3094, 3171, 3395, 3418, 3551, 3585, 3629, 3658, 3678, 3690, 3694, 3700, 3704, 3708, 3725, 3828, 3928, 3933, 4022, 4072, 4104, 4216, 4258, 4387, 4418, 4472, 4551, 4556, 4666, 4681, 4689, 4698, 4768, 4790, 4884, 4884, 4973, 5059, 5068, 5213, 5216, 5219, 5381, 5491, 5508, 5549, 5567, 5595, 5658, 5841, 5863, 5895, 5964, 6069, 6120, 6202, 6264, 6283, 6368, 6371, 6377, 6384, 6408, 6408, 6510, 6638, 6715, 6752, 6995, 7010, 7018, 7045, 7046, 7055, 7064, 7086, 7104, 7180, 7348, 7376, 7468, 7510, 7516, 7525, 7588, 7594, 7682, 7723, 7725, 7735, 7758, 7877, 8075, 8082, 8166, 8248, 8290, 8297, 8353, 8380, 8381, 8383, 8447, 8448, 8452, 8467, 8476, 8484, 8503, 8566, 8606, 8621, 8726, 8758, 8760, 8874

16º - foi (162x)
Linhas: 130, 136, 165, 187, 240, 351, 436, 477, 507, 580, 685, 897, 1087, 1099, 1245, 1246, 1266, 1297, 1313, 1326, 1490, 1499, 1515, 1596, 1626, 1640, 1672, 1764, 2105, 2115, 2210, 2211, 2217, 2219, 2243, 2249, 2252, 2268, 2281, 2291, 2349, 2351, 2435, 2737, 2783, 2868, 2976, 2989, 2999, 3014, 3045, 3054, 3064, 3074, 3208, 3242, 3286, 3348, 3350, 3729, 3786, 3873, 3923, 3938, 4019, 4035, 4038, 4076, 4079, 4081, 4117, 4145, 4148, 4394, 4412, 4521, 4659, 4680, 4730, 4833, 4836, 4870, 4876, 4912, 4936, 4982, 4996, 4997, 5003, 5007, 5011, 5048, 5128, 5139, 5160, 5200, 5275, 5319, 5329, 5329, 5483, 5488, 5538, 5545, 5699, 5699, 6032, 6096, 6276, 6281, 6307, 6363, 6367, 6367, 6441, 6698, 6728, 6782, 6794, 6875, 6929, 7021, 7034, 7038, 7236, 7281, 7348, 7349, 7349, 7350, 7351, 7367, 7421, 7567, 7603, 7666, 7675, 7678, 7679, 7764, 7769, 7772, 7787, 7848, 7861, 7885, 8031, 8038, 8053, 8287, 8290, 8379, 8408, 8412, 8495, 8546, 8643, 8679, 8735, 8794, 8805, 8875

17º - general (86x)
Linhas: 603, 683, 686, 689, 698, 707, 710, 716, 722, 730, 789, 809, 811, 842, 868, 998, 1005, 1242, 1313, 1319, 1332, 1390, 1393, 1480, 1542, 1594, 1598, 1644, 1672, 1685, 1770, 2816, 2904, 3680, 3686, 3693, 3710, 3714, 3720, 3725, 3735, 3777, 3801, 3819, 3839, 3850, 3880, 3891, 3903, 3943, 4931, 5391, 5404, 5430, 5442, 5476, 5547, 5559, 5564, 5601, 6103, 6219, 6266, 6281, 6320, 6334, 6359, 6821, 6930, 6933, 6978, 7047, 7171, 7202, 7232, 7262, 7278, 7725, 7754, 7758, 8097, 8107, 8143, 8158, 8163, 8660

18º - grande (87x)
Linhas: 246, 670, 673, 897, 1018, 1082, 1105, 1245, 1273, 1273, 1285, 1352, 1355, 1367, 1665, 1694, 2143, 2145, 2151, 2234, 2711, 2775, 2783, 2863, 2867, 2905, 2924, 3061, 3174, 3248, 3552, 3553, 3553, 4052, 4096, 4113, 4196, 4402, 4495, 4509, 4529, 4551, 4570, 4712, 4715, 4833, 4855, 4900, 4959, 4996, 5079, 5185, 5374, 5439, 5487, 5548, 5549, 5593, 5715, 5762, 5821, 5834, 5895, 6007, 6051, 6108, 6122, 6385, 6416, 6679, 6768, 7142, 7220, 7345, 7393, 7515, 8121, 8210, 8270, 8313, 8591, 8706, 8746, 8757, 8785, 8799, 8854

19º - ha (120x)
Linhas: 100, 440, 465, 465, 488, 555, 607, 608, 651, 658, 752, 813, 908, 980, 1069, 1157, 1204, 1243, 1564, 1579, 1616, 1656, 1753, 1945, 1967, 1989, 1990, 2118, 2195, 2212, 2222, 2262, 2364, 2393, 2399, 2435, 2474, 2557, 2698, 2725, 2817, 2883, 2883, 2886, 3016, 3026, 3178, 3310, 3354, 3355, 3359, 3361, 3364, 3430, 3468, 3475, 3480, 3492, 3496, 3499, 3505, 3506, 3507, 3507, 3528, 3725, 3843, 3924, 4226, 4237, 4475, 4496, 4767, 4913, 5088, 5322, 5331, 5765, 5769, 5775, 5806, 5846, 6077, 6110, 6139, 6173, 6372, 6436, 6521, 6545, 6563, 6607, 6616, 6617, 6657, 6658, 6990, 7075, 7098, 7163, 7233, 7244, 7504, 7659, 7755, 7852, 7852, 7853, 7985, 7985, 8122, 8180, 8244, 8278, 8447, 8560, 8565, 8671, 8863, 8911

20º - havia (124x)
Linhas: 83, 203, 205, 208, 227, 281, 331, 514, 612, 634, 699, 704, 740, 750, 776, 795, 1082, 1105, 1131, 1254, 1320, 1360, 1541, 1840, 1863, 1917, 2050, 2067, 2073, 2144, 2419, 2502, 2633, 2679, 2762, 2963, 3110, 3227, 3390, 3640, 3643, 3687, 3931, 4056, 4103, 4196, 4208, 4307, 4481, 4529, 4544, 4609, 4666, 4741, 4744, 4765, 4796, 4827, 4835, 4957, 5188, 5203, 5204, 5224, 5306, 5325, 5341, 5447, 5504, 5539, 5552, 5577, 5654, 5661, 5860, 5895, 6008, 6022, 6129, 6203, 6259, 6273, 6369, 6468, 6487, 6688, 6702, 6743, 6756, 6840, 6904, 6906, 6945, 7126, 7132, 7142, 7386, 7452, 7508, 7568, 7692, 7694, 7775, 7834, 7865, 7907, 8220, 8249, 8310, 8316, 8316, 8359, 8384, 8472, 8510, 8595, 8595, 8678, 8679, 8697, 8766, 8767, 8877, 8882

21º - ia (86x)
Linhas: 89, 275, 320, 426, 547, 735, 736, 882, 883, 1018, 1073, 1250, 1544, 1575, 1644, 1700, 1815, 2087, 2095, 2109, 2352, 2748, 2790, 2832, 2834, 2863, 2952, 3226, 3537, 3657, 3677, 3679, 3701, 4023, 4043, 4067, 4091, 4093, 4225, 4347, 4362, 4399, 4425, 4551, 4683, 4833, 4941, 4944, 5067, 5594, 5626, 5628, 5917, 5964, 6000, 6124, 6270, 6275, 6378, 6635, 6670, 6681, 6911, 6917, 6959, 7046, 7264, 7360, 7500, 7567, 7576, 7684, 7717, 7783, 7816, 7903, 8150, 8151, 8248, 8366, 8370, 8419, 8423, 8547, 8578, 8747

22º - isso (80x)
Linhas: 187, 189, 253, 275, 771, 868, 949, 1044, 1046, 1137, 1193, 1261, 1268, 1422, 1642, 1928, 1977, 2096, 2108, 2467, 2525, 2577, 2737, 2762, 2781, 2826, 2879, 2902, 3156, 3157, 3284, 3348, 3361, 3757, 3777, 3865, 4022, 4043, 4222, 4279, 4458, 4516, 4587, 4658, 4745, 4785, 4847, 5024, 5029, 5032, 5112, 5243, 5473, 5639, 5650, 5653, 5673, 5804, 6235, 6446, 6610, 6665, 6906, 7026, 7136, 7190, 7262, 7288, 7320, 7325, 7402, 7577, 7619, 7623, 8103, 8138, 8467, 8536, 8578, 8699

23º - já (143x)
Linhas: 95, 98, 183, 289, 401, 403, 438, 510, 614, 658, 659, 824, 840, 871, 883, 921, 940, 1069, 1091, 1240, 1254, 1397, 1445, 1453, 1497, 1644, 1693, 1745, 1766, 1856, 2017, 2050, 2333, 2535, 2555, 2558, 2571, 2686, 2715, 2753, 2774, 2833, 2912, 2968, 2991, 3022, 3235, 3288, 3310, 3333, 3350, 3561, 3562, 3606, 3693, 3774, 3870, 4072, 4106, 4178, 4210, 4215, 4297, 4327, 4362, 4454, 4494, 4501, 4721, 4791, 4812, 4898, 4899, 4939, 4944, 5008, 5036, 5051, 5055, 5075, 5119, 5210, 5236, 5374, 5453, 5480, 5503, 5564, 5603, 5625, 5630, 5640, 5694, 5716, 5760, 5767, 5837, 5843, 6079, 6125, 6136, 6290, 6311, 6334, 6408, 6450, 6490, 6576, 6605, 6617, 6635, 6722, 6789, 6811, 6834, 7000, 7014, 7019, 7107, 7146, 7190, 7219, 7283, 7392, 7412, 7459, 7481, 7567, 7712, 7766, 7884, 8042, 8127, 8131, 8156, 8234, 8290, 8380, 8606, 8670, 8883, 8909, 8914

24º - logo (81x)
Linhas: 66, 97, 122, 136, 256, 429, 456, 703, 936, 952, 1033, 1086, 1343, 1362, 1385, 1490, 1623, 1768, 1844, 2021, 2246, 2416, 2573, 2800, 2991, 3032, 3117, 3156, 3169, 3268, 3375, 3476, 4116, 4229, 4257, 4412, 4450, 4634, 4677, 4741, 4934, 4950, 4983, 5225, 5270, 5389, 5749, 5907, 5964, 6170, 6276, 6403, 6410, 6441, 6480, 6515, 6875, 6911, 6914, 6968, 7011, 7054, 7160, 7490, 7534, 7767, 7946, 8116, 8172, 8211, 8225, 8409, 8447, 8544, 8555, 8693, 8733, 8805, 8815, 8820, 8841

25º - lá (101x)
Linhas: 126, 192, 220, 334, 388, 566, 624, 744, 764, 911, 948, 1040, 1265, 1273, 1334, 1499, 1534, 1636, 1638, 1680, 1815, 2068, 2236, 2252, 2390, 2411, 2564, 2635, 2685, 2972, 3064, 3169, 3171, 3339, 3357, 3514, 3551, 3581, 3801, 3835, 3906, 3913, 3934, 4015, 4081, 4262, 4274, 4379, 4612, 4721, 4780, 4780, 4838, 4944, 4961, 5037, 5044, 5087, 5323, 5528, 5584, 5594, 5770, 5998, 6033, 6198, 6296, 6301, 6344, 6382, 6437, 6485, 6488, 6589, 6668, 6716, 6747, 6857, 6879, 7208, 7276, 7304, 7323, 7325, 7334, 7357, 7501, 7562, 7650, 7708, 7717, 7742, 7754, 7785, 7885, 7924, 7971, 8330, 8332, 8362, 8536

26º - mais (306x)
Linhas: 82, 83, 125, 136, 218, 258, 276, 341, 349, 385, 387, 427, 454, 497, 499, 499, 499, 647, 677, 678, 678, 679, 680, 694, 720, 735, 767, 811, 932, 990, 1093, 1098, 1110, 1129, 1204, 1212, 1249, 1350, 1350, 1360, 1361, 1361, 1371, 1405, 1470, 1471, 1481, 1481, 1510, 1519, 1549, 1564, 1579, 1591, 1615, 1652, 1695, 1887, 1893, 1894, 1920, 1940, 1954, 1964, 1964, 1964, 1968, 1969, 1973, 1993, 2024, 2028, 2048, 2082, 2097, 2103, 2139, 2140, 2206, 2253, 2272, 2344, 2384, 2399, 2424, 2435, 2453, 2467, 2496, 2521, 2522, 2526, 2567, 2629, 2676, 2725, 2727, 2761, 2785, 2819, 2819, 2826, 2909, 2916, 2919, 2950, 2969, 2975, 2978, 2981, 2982, 2987, 2998, 3040, 3052, 3129, 3169, 3205, 3216, 3233, 3238, 3240, 3298, 3302, 3333, 3461, 3463, 3466, 3466, 3466, 3509, 3512, 3521, 3521, 3640, 3689, 3689, 3691, 3692, 3711, 3830, 3836, 3861, 3929, 4039, 4143, 4164, 4208, 4214, 4219, 4297, 4513, 4521, 4535, 4556, 4605, 4606, 4613, 4637, 4637, 4641, 4655, 4672, 4694, 4710, 4740, 4752, 4823, 4863, 4935, 4946, 4977, 4984, 4996, 4996, 5042, 5058, 5078, 5083, 5126, 5134, 5218, 5237, 5237, 5246, 5325, 5328, 5347, 5353, 5431, 5442, 5524, 5590, 5612, 5627, 5657, 5681, 5696, 5696, 5700, 5720, 5737, 5738, 5787, 5837, 5843, 5844, 5861, 5871, 5895, 5928, 5929, 5952, 5960, 5972, 5981, 6059, 6110, 6112, 6114, 6125, 6175, 6336, 6349, 6371, 6384, 6415, 6423, 6475, 6547, 6559, 6565, 6566, 6600, 6605, 6785, 6799, 6893, 6900, 6927, 7009, 7047, 7067, 7077, 7095, 7123, 7126, 7128, 7172, 7221, 7283, 7304, 7339, 7377, 7408, 7423, 7429, 7435, 7454, 7481, 7487, 7525, 7549, 7562, 7578, 7589, 7598, 7600, 7654, 7708, 7718, 7748, 7821, 7830, 7844, 7881, 7916, 7954, 7996, 7998, 8047, 8050, 8066, 8079, 8090, 8090, 8100, 8180, 8241, 8244, 8280, 8301, 8355, 8474, 8477, 8548, 8582, 8595, 8595, 8625, 8717, 8734, 8739, 8765, 8772, 8917

27º - major (160x)
Linhas: 82, 98, 125, 132, 137, 144, 149, 176, 195, 232, 277, 301, 326, 336, 346, 354, 358, 408, 412, 429, 497, 518, 530, 634, 652, 667, 702, 707, 854, 1016, 1069, 1083, 1141, 1187, 1223, 1391, 1482, 1541, 1549, 1915, 1921, 1925, 1927, 1928, 1932, 2023, 2145, 2210, 2233, 2293, 2302, 2362, 2371, 2571, 2580, 2729, 2745, 2747, 2981, 3117, 3199, 3205, 3220, 3310, 3316, 3337, 3351, 3366, 3399, 3404, 3407, 3413, 3441, 3720, 3778, 3784, 3839, 4076, 4106, 4131, 4213, 4235, 4445, 4475, 4478, 4489, 4502, 4615, 4626, 4629, 4641, 4651, 4674, 4679, 4762, 4806, 4885, 4888, 4928, 4940, 4967, 4973, 4994, 5087, 5094, 5097, 5100, 5105, 5107, 5118, 5139, 5149, 5923, 5964, 6014, 6124, 6139, 6141, 6191, 6208, 6237, 6239, 6242, 6257, 6356, 6458, 6496, 6516, 6596, 6617, 6656, 6657, 6661, 6670, 6740, 6782, 6787, 6789, 6792, 6799, 6826, 6832, 6992, 7041, 7053, 7058, 7098, 7103, 7147, 7267, 7421, 7438, 7494, 7536, 7556, 7567, 7734, 7745, 8373, 8639

28º - mas (293x)
Linhas: 113, 137, 147, 155, 161, 183, 245, 256, 257, 268, 351, 362, 373, 376, 406, 421, 425, 436, 514, 524, 608, 613, 680, 704, 731, 747, 808, 902, 958, 1024, 1038, 1062, 1070, 1072, 1091, 1100, 1131, 1157, 1166, 1171, 1186, 1190, 1274, 1289, 1306, 1355, 1381, 1395, 1475, 1489, 1494, 1499, 1508, 1510, 1540, 1556, 1601, 1647, 1731, 1842, 1866, 1899, 1967, 1998, 2021, 2057, 2058, 2065, 2083, 2105, 2134, 2156, 2160, 2199, 2204, 2220, 2227, 2246, 2289, 2309, 2337, 2342, 2364, 2368, 2440, 2491, 2536, 2538, 2577, 2607, 2615, 2704, 2729, 2742, 2747, 2764, 2772, 2782, 2785, 2805, 2812, 2843, 2850, 2874, 2894, 2904, 2943, 2968, 2975, 2986, 2996, 3034, 3051, 3085, 3128, 3167, 3171, 3187, 3206, 3212, 3243, 3295, 3350, 3361, 3382, 3404, 3532, 3555, 3570, 3582, 3651, 3664, 3666, 3692, 3702, 3729, 3747, 3753, 3792, 3798, 3803, 3809, 3823, 3831, 3906, 3923, 3941, 4015, 4021, 4023, 4026, 4035, 4057, 4069, 4113, 4154, 4190, 4193, 4202, 4223, 4298, 4354, 4357, 4386, 4388, 4453, 4486, 4489, 4595, 4600, 4658, 4693, 4721, 4797, 4831, 4835, 4884, 4903, 4910, 4919, 4935, 4953, 4973, 5000, 5090, 5151, 5218, 5224, 5361, 5384, 5389, 5395, 5450, 5473, 5502, 5517, 5523, 5573, 5597, 5598, 5634, 5654, 5659, 5663, 5693, 5706, 5708, 5711, 5725, 5735, 5841, 5852, 5896, 5927, 5930, 5955, 5964, 6004, 6011, 6117, 6149, 6204, 6214, 6243, 6249, 6276, 6298, 6307, 6373, 6403, 6412, 6414, 6429, 6436, 6452, 6490, 6520, 6526, 6597, 6607, 6615, 6622, 6668, 6793, 6937, 6964, 6973, 7027, 7037, 7059, 7061, 7097, 7100, 7125, 7134, 7163, 7194, 7350, 7384, 7393, 7453, 7476, 7490, 7578, 7585, 7658, 7813, 7895, 7910, 7940, 7952, 7975, 8015, 8089, 8128, 8133, 8151, 8542, 8555, 8568, 8570, 8590, 8608, 8660, 8671, 8679, 8748, 8766, 8772, 8780, 8815, 8826, 8903

29º - mesmo (118x)
Linhas: 88, 152, 710, 727, 747, 779, 969, 1130, 1256, 1489, 1547, 1592, 1644, 1706, 1781, 1954, 1957, 1968, 1998, 2009, 2104, 2193, 2229, 2234, 2322, 2463, 2476, 2537, 2543, 2715, 2805, 2870, 2893, 2970, 3057, 3223, 3225, 3285, 3348, 3367, 3431, 3487, 3664, 3703, 3847, 3859, 4016, 4048, 4069, 4398, 4530, 4609, 4680, 4699, 4730, 4748, 4756, 4782, 4812, 4866, 5063, 5107, 5130, 5141, 5150, 5328, 5356, 5493, 5511, 5539, 5636, 5684, 5704, 5721, 5751, 5752, 5778, 5847, 5855, 5858, 6156, 6184, 6245, 6282, 6370, 6371, 6372, 6504, 6551, 6624, 6674, 6750, 6990, 7034, 7281, 7453, 7547, 7549, 7712, 7851, 7907, 7955, 8011, 8048, 8194, 8285, 8309, 8353, 8434, 8449, 8480, 8514, 8546, 8548, 8565, 8598, 8623, 8804

30º - muito (163x)
Linhas: 162, 180, 185, 372, 380, 390, 390, 415, 484, 490, 503, 621, 622, 717, 728, 742, 744, 926, 980, 1000, 1062, 1072, 1073, 1091, 1102, 1103, 1219, 1283, 1289, 1289, 1303, 1306, 1360, 1360, 1365, 1381, 1384, 1419, 1428, 1448, 1489, 1576, 1620, 1621, 1756, 1818, 1946, 2069, 2093, 2105, 2319, 2362, 2364, 2436, 2561, 2571, 2604, 2629, 2664, 2702, 2820, 2998, 3050, 3097, 3115, 3145, 3174, 3183, 3324, 3331, 3440, 3545, 3632, 3636, 3672, 3694, 3706, 3715, 3716, 3738, 3767, 3949, 3961, 3961, 4022, 4048, 4124, 4160, 4298, 4298, 4305, 4319, 4345, 4381, 4405, 4519, 4561, 4659, 4678, 4724, 4840, 4887, 4930, 4939, 5138, 5182, 5207, 5343, 5363, 5396, 5472, 5480, 5486, 5594, 5595, 5607, 5692, 5931, 6077, 6133, 6139, 6152, 6234, 6271, 6300, 6400, 6414, 6458, 6499, 6615, 6845, 6904, 6957, 7084, 7146, 7181, 7368, 7474, 7489, 7499, 7509, 7595, 7603, 7645, 7659, 7667, 7672, 7678, 7783, 7862, 7899, 7924, 7969, 8131, 8219, 8237, 8278, 8295, 8306, 8482, 8673, 8847, 8888

31º - o (182x)
Linhas: 126, 136, 147, 208, 210, 220, 236, 257, 325, 332, 345, 453, 502, 508, 541, 666, 932, 939, 970, 1180, 1190, 1277, 1288, 1312, 1316, 1365, 1394, 1481, 1482, 1590, 1593, 1645, 1737, 1852, 1889, 1907, 1930, 1951, 1972, 1978, 1999, 2018, 2019, 2020, 2060, 2114, 2118, 2130, 2155, 2171, 2206, 2210, 2222, 2254, 2292, 2388, 2416, 2434, 2461, 2488, 2497, 2613, 2747, 2762, 2816, 2832, 2848, 2954, 3027, 3039, 3163, 3180, 3201, 3202, 3242, 3256, 3412, 3664, 3673, 3682, 3703, 3708, 3709, 3714, 3716, 3875, 3953, 4030, 4034, 4044, 4175, 4190, 4239, 4267, 4398, 4416, 4526, 4544, 4594, 4670, 4676, 4751, 4790, 4823, 4870, 4919, 4960, 4973, 5004, 5066, 5141, 5186, 5374, 5379, 5395, 5502, 5540, 5634, 5731, 5936, 5952, 5978, 6067, 6141, 6270, 6292, 6298, 6307, 6370, 6385, 6410, 6480, 6496, 6515, 6547, 6607, 6608, 6616, 6617, 6717, 6749, 6832, 6840, 6846, 6874, 6906, 6933, 6980, 7012, 7059, 7334, 7367, 7400, 7417, 7442, 7503, 7538, 7695, 7938, 7972, 7985, 7998, 8052, 8131, 8150, 8221, 8241, 8277, 8390, 8400, 8412, 8423, 8484, 8622, 8665, 8684, 8696, 8711, 8716, 8789, 8820, 8853

32º - outros (85x)
Linhas: 101, 211, 218, 328, 341, 359, 366, 379, 411, 446, 496, 568, 580, 618, 759, 1140, 1146, 1185, 1204, 1542, 1549, 1715, 1842, 1984, 2037, 2246, 2368, 2422, 2424, 2434, 2500, 2513, 2514, 2730, 2745, 2746, 2912, 3035, 3039, 3060, 3091, 3112, 3245, 3531, 3562, 3564, 3681, 3722, 3881, 3908, 4014, 4308, 4339, 4360, 4453, 4676, 4775, 5068, 5523, 5790, 5830, 6576, 6579, 6638, 6769, 6940, 6974, 7003, 7211, 7301, 7357, 7362, 7591, 7726, 7811, 7908, 8067, 8121, 8384, 8554, 8581, 8621, 8632, 8731, 8825

33º - pela (83x)
Linhas: 122, 159, 230, 301, 359, 645, 647, 764, 932, 960, 969, 1000, 1214, 1581, 2019, 2171, 2242, 2292, 3190, 3230, 3289, 3439, 3508, 3583, 3664, 3726, 3759, 3768, 3768, 4035, 4081, 4116, 4187, 4407, 4595, 4833, 4843, 5084, 5084, 5186, 5208, 5332, 5470, 5624, 5705, 5736, 5771, 5775, 5969, 6028, 6116, 6116, 6117, 6471, 6484, 6575, 6773, 6938, 7094, 7306, 7397, 7422, 7448, 7448, 7490, 7494, 7496, 7513, 7580, 7646, 7961, 8008, 8071, 8077, 8091, 8197, 8311, 8408, 8447, 8596, 8764, 8809, 8872

34º - pouco (97x)
Linhas: 117, 150, 170, 301, 589, 679, 693, 702, 776, 1050, 1093, 1255, 1398, 1487, 1489, 1849, 1942, 2043, 2098, 2131, 2536, 2536, 2573, 2576, 2623, 2658, 2670, 2892, 3157, 3233, 3302, 3339, 3403, 3442, 3580, 3593, 3663, 3682, 3880, 3891, 4073, 4104, 4126, 4214, 4226, 4357, 4552, 4608, 4883, 5015, 5073, 5133, 5354, 5359, 5384, 5445, 5476, 5846, 5937, 5955, 5979, 6149, 6202, 6249, 6264, 6480, 6481, 6481, 6622, 6670, 6875, 6964, 7037, 7060, 7064, 7082, 7184, 7249, 7373, 7440, 7459, 7494, 7538, 7587, 7590, 7668, 7680, 7731, 7944, 8197, 8240, 8251, 8488, 8627, 8772, 8790, 8843

35º - quando (177x)
Linhas: 114, 127, 155, 165, 278, 302, 308, 323, 325, 372, 502, 581, 593, 610, 696, 715, 897, 948, 1001, 1001, 1018, 1037, 1055, 1074, 1151, 1238, 1261, 1262, 1265, 1321, 1328, 1418, 1459, 1497, 1499, 1514, 1544, 1664, 1671, 1697, 1700, 1718, 1718, 1967, 2002, 2094, 2097, 2114, 2131, 2160, 2236, 2342, 2352, 2392, 2400, 2420, 2438, 2487, 2534, 2538, 2616, 2695, 2737, 2783, 2789, 2831, 2912, 2990, 3080, 3119, 3156, 3184, 3219, 3250, 3280, 3423, 3508, 3583, 3678, 3686, 3714, 3798, 3989, 4106, 4125, 4154, 4209, 4234, 4234, 4270, 4296, 4367, 4369, 4388, 4394, 4425, 4609, 4629, 4683, 4745, 4785, 4854, 4914, 4935, 4997, 5066, 5069, 5177, 5214, 5236, 5432, 5443, 5621, 5643, 5643, 5704, 5715, 5725, 5872, 5904, 5931, 5955, 6031, 6112, 6136, 6265, 6265, 6270, 6342, 6460, 6505, 6505, 6592, 6592, 6657, 6670, 6752, 6761, 6850, 6863, 6897, 7044, 7044, 7048, 7053, 7369, 7373, 7373, 7400, 7430, 7492, 7564, 7567, 7595, 7606, 7671, 7728, 7739, 7739, 7884, 7920, 7960, 7960, 8014, 8017, 8027, 8033, 8036, 8150, 8337, 8385, 8444, 8502, 8702, 8803, 8889, 8914

36º - quaresma (261x)
Linhas: 65, 82, 98, 102, 110, 144, 154, 196, 239, 247, 270, 292, 317, 322, 336, 342, 348, 358, 415, 437, 468, 486, 514, 531, 603, 634, 696, 707, 755, 856, 873, 898, 930, 1004, 1020, 1069, 1073, 1088, 1105, 1178, 1190, 1204, 1394, 1762, 1840, 1880, 1919, 1927, 1928, 1941, 1945, 2016, 2218, 2241, 2292, 2298, 2340, 2393, 2451, 2529, 2560, 2573, 2685, 2711, 2919, 2954, 2972, 2995, 3109, 3115, 3124, 3129, 3146, 3163, 3168, 3171, 3182, 3196, 3208, 3227, 3256, 3313, 3411, 3438, 3660, 3660, 3682, 3923, 4066, 4080, 4130, 4145, 4175, 4188, 4196, 4204, 4216, 4232, 4270, 4284, 4289, 4294, 4302, 4329, 4339, 4359, 4375, 4398, 4412, 4433, 4438, 4447, 4453, 4472, 4500, 4634, 4662, 4668, 4678, 4710, 4724, 4738, 4758, 4770, 4778, 4793, 4795, 4817, 4842, 4854, 4881, 4898, 4909, 4912, 4934, 4950, 4954, 4989, 5019, 5053, 5062, 5084, 5090, 5110, 5121, 5128, 5145, 5158, 5182, 5209, 5220, 5242, 5750, 5907, 5936, 5962, 5969, 6000, 6120, 6136, 6142, 6144, 6158, 6184, 6188, 6194, 6196, 6201, 6213, 6239, 6260, 6275, 6312, 6352, 6363, 6369, 6378, 6431, 6448, 6455, 6461, 6483, 6507, 6520, 6537, 6594, 6610, 6617, 6621, 6649, 6674, 6702, 6711, 6720, 6732, 6789, 6796, 6813, 6892, 6910, 6934, 6945, 6978, 7002, 7027, 7040, 7048, 7051, 7070, 7081, 7094, 7100, 7114, 7123, 7127, 7131, 7134, 7146, 7149, 7163, 7172, 7184, 7262, 7281, 7297, 7356, 7376, 7428, 7462, 7514, 7534, 7538, 7552, 7564, 7572, 7678, 7687, 7699, 7721, 7772, 7808, 7944, 7971, 8064, 8067, 8075, 8293, 8340, 8358, 8385, 8386, 8412, 8435, 8435, 8443, 8589, 8592, 8639, 8735, 8809, 8893

37º - que (109x)
Linhas: 97, 108, 113, 180, 182, 205, 211, 258, 289, 304, 645, 930, 988, 999, 1113, 1129, 1151, 1242, 1246, 1302, 1415, 1425, 1455, 1458, 1472, 1535, 1649, 1702, 1881, 1884, 1902, 1954, 1958, 1964, 2209, 2274, 2400, 2425, 2442, 2563, 2820, 2845, 2968, 3102, 3143, 3280, 3362, 3385, 3390, 3444, 3446, 3582, 3834, 3858, 3891, 3894, 4145, 4400, 4464, 4837, 4845, 4861, 4901, 5022, 5128, 5174, 5189, 5538, 5597, 5653, 5693, 5769, 5811, 5850, 5951, 6101, 6185, 6275, 6300, 6337, 6345, 6387, 6483, 6769, 6779, 6917, 6919, 7446, 7548, 7707, 7818, 7843, 7910, 7963, 8016, 8134, 8211, 8253, 8334, 8415, 8436, 8440, 8487, 8502, 8632, 8653, 8710, 8839, 8904

38º - quem (95x)
Linhas: 165, 204, 246, 276, 289, 388, 421, 704, 808, 1131, 1251, 1376, 1501, 1583, 1663, 1740, 1764, 1799, 1862, 1917, 1918, 1920, 1950, 2050, 2051, 2140, 2292, 2329, 2430, 2451, 2578, 2944, 2965, 2991, 3002, 3114, 3147, 3310, 3429, 3446, 3447, 3627, 3660, 3702, 3945, 3955, 4098, 4143, 4226, 4255, 4303, 4445, 4600, 4835, 4855, 4969, 5203, 5360, 5512, 5539, 5632, 5742, 5775, 5908, 6036, 6155, 6273, 6292, 6300, 6439, 6782, 6926, 6938, 7200, 7275, 7334, 7502, 7504, 7578, 7589, 7662, 7740, 7865, 7959, 8035, 8158, 8350, 8480, 8554, 8652, 8679, 8679, 8734, 8856, 8882

39º - ricardo (134x)
Linhas: 170, 358, 365, 366, 371, 374, 379, 400, 425, 429, 440, 449, 460, 476, 481, 488, 502, 527, 559, 566, 568, 589, 618, 685, 1140, 1144, 1164, 1175, 1180, 1193, 1199, 1393, 2371, 2479, 2694, 2704, 2715, 2719, 2733, 2745, 2769, 2805, 2888, 2926, 3531, 3548, 3561, 3564, 3567, 3573, 3609, 3622, 3637, 3665, 3686, 3700, 3714, 3722, 3786, 3855, 3871, 3896, 3921, 3932, 3953, 3973, 3974, 3974, 3987, 3989, 4073, 4081, 4101, 4113, 4126, 4129, 4138, 4142, 4157, 4162, 4175, 4188, 4290, 4302, 4319, 4329, 4357, 4370, 4471, 4486, 4618, 4629, 4655, 4765, 5833, 6318, 6507, 6515, 6523, 6579, 6638, 6670, 6769, 6773, 6778, 6787, 7064, 7362, 8038, 8066, 8353, 8455, 8581, 8589, 8603, 8612, 8632, 8632, 8653, 8661, 8677, 8692, 8702, 8710, 8722, 8752, 8760, 8778, 8785, 8794, 8805, 8815, 8874, 8918

40º - ser (88x)
Linhas: 234, 314, 321, 341, 364, 400, 581, 669, 674, 999, 1220, 1302, 1319, 1351, 1406, 1448, 1488, 1501, 1510, 1575, 1656, 1799, 1873, 1902, 1969, 2141, 2185, 2275, 2349, 2436, 2451, 2477, 2698, 2725, 2827, 3246, 3284, 3301, 3324, 3396, 3446, 3554, 3747, 4029, 4047, 4163, 4293, 4445, 4532, 4543, 4718, 4757, 4788, 4796, 4883, 5036, 5608, 5635, 5708, 5712, 5775, 5803, 5806, 5861, 5878, 6010, 6040, 6337, 6477, 6849, 6961, 6990, 7276, 7301, 7492, 7578, 7715, 7940, 8015, 8024, 8133, 8450, 8467, 8514, 8573, 8607, 8679, 8887

41º - só (91x)
Linhas: 249, 323, 331, 373, 385, 449, 541, 612, 659, 674, 940, 1077, 1094, 1267, 1270, 1272, 1344, 1368, 1494, 1652, 1706, 1770, 1871, 1937, 1946, 1989, 2087, 2144, 2396, 2479, 2480, 2503, 2694, 2805, 3033, 3127, 3383, 3559, 3585, 3585, 3586, 3768, 3844, 3934, 4057, 4458, 4534, 4596, 4790, 4974, 4989, 5009, 5024, 5030, 5138, 5176, 5192, 5204, 5560, 5775, 5789, 5804, 5873, 6102, 6142, 6510, 6570, 6584, 6623, 6624, 6717, 6901, 7002, 7057, 7285, 7368, 7407, 7444, 7491, 7566, 7891, 7906, 8013, 8098, 8568, 8739, 8794, 8845, 8847, 8863, 8902

42º - tambem (77x)
Linhas: 222, 321, 659, 970, 976, 1028, 1041, 1078, 1085, 1220, 1508, 1539, 1548, 1556, 1566, 1662, 1703, 1807, 1881, 2059, 2110, 2199, 2368, 2423, 2504, 2560, 2578, 2609, 2774, 2862, 2955, 3044, 3128, 3332, 3435, 3498, 3549, 3559, 3643, 3721, 3768, 3825, 4056, 4202, 4460, 4761, 5170, 5189, 5295, 5502, 5528, 5542, 5593, 6674, 6678, 6718, 6869, 6906, 6988, 7424, 7553, 7573, 7821, 7855, 7870, 7910, 7930, 8030, 8031, 8149, 8215, 8219, 8276, 8307, 8392, 8484, 8848

43º - tinha (211x)
Linhas: 108, 234, 308, 333, 342, 371, 374, 493, 500, 510, 609, 613, 676, 698, 710, 932, 1069, 1076, 1091, 1129, 1251, 1258, 1305, 1416, 1424, 1445, 1475, 1517, 1539, 1544, 1609, 1664, 1711, 1714, 1730, 1959, 2034, 2040, 2074, 2094, 2097, 2140, 2143, 2151, 2217, 2235, 2258, 2314, 2341, 2442, 2457, 2471, 2497, 2535, 2620, 2703, 2704, 2711, 2818, 2873, 2912, 2943, 2954, 2959, 2960, 2978, 3091, 3128, 3297, 3561, 3640, 3651, 3652, 3694, 3702, 3756, 3774, 3808, 3850, 3861, 3926, 3929, 3933, 3968, 3968, 4026, 4080, 4084, 4106, 4112, 4146, 4207, 4212, 4291, 4381, 4384, 4395, 4451, 4473, 4523, 4710, 4906, 4939, 4967, 4976, 4995, 5055, 5073, 5203, 5319, 5356, 5374, 5394, 5404, 5438, 5540, 5574, 5583, 5584, 5593, 5603, 5607, 5617, 5640, 5658, 5667, 5694, 5695, 5778, 5820, 5837, 5840, 5900, 5913, 5938, 5979, 6031, 6063, 6154, 6155, 6189, 6240, 6282, 6450, 6485, 6500, 6690, 6751, 6835, 6960, 7019, 7024, 7026, 7028, 7041, 7071, 7172, 7173, 7283, 7287, 7292, 7374, 7381, 7386, 7412, 7417, 7421, 7438, 7447, 7494, 7496, 7502, 7503, 7517, 7554, 7598, 7645, 7663, 7672, 7683, 7685, 7735, 7747, 7828, 7840, 7870, 7884, 7947, 8010, 8090, 8172, 8208, 8215, 8302, 8306, 8364, 8366, 8416, 8480, 8574, 8660, 8706, 8725, 8764, 8767, 8768, 8797, 8854, 8883, 8914, 8916

44º - todos (102x)
Linhas: 100, 224, 273, 274, 341, 676, 676, 676, 687, 720, 952, 1011, 1164, 1186, 1467, 1520, 1604, 1692, 1811, 1874, 1916, 1975, 2034, 2265, 2319, 2500, 2516, 2609, 2823, 2915, 2915, 2957, 2975, 3049, 3091, 3143, 3480, 3537, 3687, 3819, 3968, 4142, 4142, 4407, 4478, 4597, 4634, 4660, 4746, 4926, 5248, 5315, 5440, 5503, 5508, 5523, 5526, 5596, 5670, 5678, 5701, 5712, 5834, 5919, 5980, 5987, 5987, 6025, 6037, 6104, 6205, 6272, 6343, 6556, 6778, 6838, 6864, 6983, 6998, 7005, 7199, 7200, 7233, 7280, 7407, 7768, 7792, 7872, 8025, 8144, 8198, 8210, 8308, 8318, 8462, 8462, 8476, 8526, 8881, 8881, 8881, 8923

45º - tudo (82x)
Linhas: 247, 253, 421, 453, 465, 497, 750, 755, 1268, 1362, 1402, 1581, 1945, 1958, 2045, 2453, 2470, 2577, 2624, 3104, 3219, 3367, 3423, 3544, 3777, 4030, 4030, 4384, 4489, 4516, 4587, 4669, 4714, 4728, 4919, 5056, 5329, 5332, 5370, 5535, 5903, 5913, 5976, 6002, 6002, 6033, 6120, 6326, 6396, 6429, 6540, 6690, 6906, 7048, 7163, 7257, 7262, 7475, 7487, 7623, 7624, 7668, 7712, 7735, 7783, 7810, 7822, 7835, 7884, 7979, 7984, 8020, 8024, 8052, 8100, 8473, 8486, 8496, 8578, 8654, 8729, 8766

46º - um (78x)
Linhas: 91, 184, 310, 338, 365, 371, 503, 687, 775, 950, 1157, 1303, 1591, 1724, 1746, 1799, 1847, 2144, 2449, 2518, 2535, 2752, 2817, 2951, 3019, 3173, 3221, 3272, 3438, 3441, 3447, 3470, 3531, 3678, 3683, 3927, 4205, 4257, 4388, 4413, 4529, 4714, 5094, 5139, 5292, 5308, 5505, 5602, 5725, 5981, 6201, 6249, 6301, 6342, 6388, 6464, 6503, 6602, 7172, 7213, 7414, 7527, 7669, 7755, 7842, 7845, 7959, 8217, 8250, 8302, 8455, 8468, 8547, 8578, 8596, 8814, 8842, 8915

47º - vida (82x)
Linhas: 102, 236, 320, 612, 893, 1268, 1277, 1336, 1590, 1821, 2397, 2400, 2470, 2520, 2522, 2623, 2981, 2985, 3003, 3048, 3055, 3080, 3086, 3208, 3220, 3261, 3262, 3417, 3423, 3518, 3860, 4023, 4161, 4197, 4357, 4422, 4722, 4727, 5179, 5192, 5196, 5502, 5678, 5752, 5815, 5914, 6158, 6160, 6337, 6444, 6468, 6471, 6614, 7152, 7283, 7372, 7394, 7447, 7448, 7461, 7478, 7580, 7718, 7859, 7973, 7997, 8042, 8054, 8059, 8079, 8099, 8344, 8439, 8481, 8486, 8505, 8515, 8596, 8730, 8764, 8846, 8849

48º - á (271x)
Linhas: 97, 143, 157, 324, 325, 336, 346, 351, 356, 401, 427, 468, 591, 609, 640, 654, 659, 670, 674, 680, 688, 697, 734, 748, 774, 779, 936, 950, 951, 961, 999, 1038, 1087, 1097, 1100, 1242, 1255, 1278, 1296, 1303, 1328, 1424, 1424, 1472, 1521, 1533, 1640, 1669, 1669, 1673, 1726, 1847, 1853, 1865, 1873, 1886, 1906, 1918, 1948, 1977, 1993, 2028, 2127, 2131, 2203, 2266, 2274, 2314, 2349, 2388, 2388, 2424, 2452, 2456, 2555, 2620, 2633, 2684, 2695, 2733, 2804, 2831, 2850, 2858, 2913, 2916, 2950, 2953, 3003, 3012, 3014, 3055, 3089, 3167, 3216, 3256, 3283, 3346, 3439, 3445, 3507, 3516, 3593, 3596, 3614, 3638, 3668, 3677, 3696, 3697, 3761, 3860, 3926, 3973, 4021, 4036, 4066, 4079, 4091, 4110, 4201, 4293, 4302, 4302, 4302, 4400, 4409, 4439, 4503, 4503, 4516, 4672, 4680, 4685, 4699, 4803, 4970, 5007, 5043, 5048, 5053, 5074, 5079, 5180, 5182, 5196, 5213, 5214, 5276, 5302, 5343, 5344, 5379, 5381, 5545, 5640, 5650, 5670, 5678, 5684, 5695, 5706, 5731, 5734, 5815, 5834, 5848, 5848, 5856, 5863, 5897, 5909, 5909, 5911, 5914, 5936, 5981, 6045, 6078, 6084, 6104, 6146, 6163, 6201, 6272, 6329, 6343, 6437, 6488, 6503, 6579, 6598, 6599, 6599, 6600, 6600, 6600, 6601, 6611, 6624, 6632, 6635, 6680, 6689, 6691, 6695, 6728, 6768, 6835, 6843, 6911, 7016, 7024, 7042, 7045, 7065, 7127, 7236, 7290, 7360, 7380, 7416, 7422, 7485, 7485, 7516, 7567, 7613, 7647, 7760, 7832, 7832, 7837, 7838, 7860, 7881, 7945, 7950, 7952, 7966, 7967, 7989, 8015, 8018, 8022, 8049, 8069, 8072, 8113, 8141, 8143, 8145, 8195, 8222, 8257, 8320, 8320, 8321, 8326, 8381, 8394, 8403, 8441, 8449, 8457, 8488, 8500, 8583, 8584, 8597, 8805

49º - é (291x)
Linhas: 173, 174, 181, 181, 182, 183, 224, 266, 381, 385, 407, 413, 442, 443, 453, 453, 454, 458, 462, 464, 473, 474, 474, 488, 518, 523, 545, 547, 587, 660, 666, 750, 834, 845, 868, 873, 907, 926, 989, 1004, 1044, 1046, 1054, 1055, 1061, 1062, 1088, 1137, 1155, 1167, 1180, 1187, 1190, 1190, 1193, 1193, 1199, 1201, 1219, 1220, 1273, 1274, 1303, 1310, 1310, 1376, 1381, 1442, 1442, 1455, 1461, 1555, 1570, 1570, 1631, 1636, 1642, 1649, 1682, 1723, 1770, 1775, 1796, 1821, 1855, 1881, 1893, 1894, 1899, 1900, 1983, 1985, 2011, 2068, 2069, 2107, 2121, 2123, 2123, 2154, 2183, 2189, 2191, 2191, 2197, 2203, 2239, 2239, 2243, 2325, 2424, 2436, 2470, 2503, 2520, 2588, 2600, 2673, 2708, 2708, 2759, 2796, 2813, 2982, 2982, 2991, 2991, 3029, 3076, 3078, 3157, 3190, 3206, 3220, 3254, 3277, 3310, 3317, 3331, 3337, 3361, 3373, 3381, 3399, 3488, 3510, 3517, 3747, 3748, 3753, 3771, 3780, 3791, 3792, 3804, 3822, 3823, 3846, 3865, 3870, 3875, 3906, 3984, 3989, 4022, 4035, 4113, 4173, 4237, 4251, 4252, 4263, 4268, 4278, 4287, 4333, 4565, 4576, 4580, 4581, 4586, 4587, 4621, 4624, 4631, 4637, 4637, 4653, 4669, 4727, 4756, 4768, 4778, 4904, 5029, 5046, 5094, 5106, 5113, 5119, 5257, 5259, 5290, 5298, 5377, 5409, 5425, 5444, 5468, 5632, 5632, 5635, 5657, 5770, 5800, 6112, 6185, 6234, 6237, 6247, 6249, 6294, 6298, 6301, 6330, 6352, 6428, 6446, 6542, 6547, 6553, 6562, 6562, 6562, 6562, 6563, 6563, 6565, 6591, 6594, 6597, 6598, 6617, 6657, 6657, 6665, 6776, 6796, 6811, 6857, 6964, 6971, 7037, 7093, 7098, 7116, 7136, 7149, 7320, 7392, 7481, 7481, 7481, 7482, 7492, 7511, 7556, 7636, 7636, 7708, 7743, 7773, 7899, 7911, 8015, 8042, 8046, 8135, 8189, 8193, 8494, 8521, 8542, 8543, 8547, 8697, 8845, 8846, 8863, 8867, 8897

50º - aquelle (76x)
Linhas: 265, 348, 607, 1187, 1279, 1474, 1768, 1864, 1866, 1991, 1991, 2012, 2012, 2023, 2060, 2387, 2448, 2470, 2482, 2530, 2816, 2851, 3003, 3054, 3221, 3229, 3240, 3447, 3448, 3559, 3569, 3576, 3576, 3736, 4126, 4132, 4197, 4399, 4525, 4526, 4594, 4608, 4718, 4767, 4783, 4792, 4802, 4934, 4968, 5205, 5632, 5763, 5864, 6018, 6135, 6213, 6284, 6370, 6586, 6649, 7127, 7127, 7173, 7202, 7220, 7286, 7334, 7428, 7593, 8077, 8436, 8441, 8593, 8696, 8856, 8915

