1º - --não (26x)
Linhas: 424, 466, 652, 656, 675, 795, 806, 821, 851, 892, 894, 905, 907, 918, 1137, 1152, 1165, 1512, 1515, 1523, 1605, 1608, 1614, 1669, 1675, 2094

2º - a (26x)
Linhas: 38, 245, 416, 442, 575, 661, 798, 862, 920, 931, 1138, 1232, 1316, 1414, 1457, 1584, 1722, 1762, 1778, 1849, 1868, 1880, 2061, 2072, 2082, 2186

3º - ainda (30x)
Linhas: 110, 147, 197, 224, 308, 426, 616, 626, 847, 999, 1109, 1195, 1227, 1251, 1316, 1320, 1326, 1337, 1461, 1581, 1589, 1711, 1746, 1876, 1958, 1965, 2026, 2061, 2073, 2206

4º - amor (37x)
Linhas: 197, 604, 711, 734, 749, 781, 826, 849, 851, 901, 924, 979, 1022, 1199, 1227, 1239, 1249, 1283, 1309, 1316, 1347, 1382, 1395, 1400, 1414, 1422, 1450, 1478, 1536, 1757, 1849, 1966, 1994, 2027, 2118, 2146, 2169

5º - assim (19x)
Linhas: 96, 266, 433, 571, 855, 886, 901, 1336, 1399, 1577, 1679, 1703, 1797, 1827, 1863, 1886, 1926, 2150, 2182

6º - de (47x)
Linhas: 42, 192, 220, 248, 251, 297, 393, 456, 524, 607, 673, 741, 749, 782, 838, 855, 865, 868, 924, 1052, 1120, 1123, 1130, 1214, 1239, 1287, 1292, 1314, 1319, 1354, 1362, 1387, 1413, 1637, 1693, 1728, 1774, 1842, 1854, 1911, 1948, 2008, 2123, 2128, 2154, 2194, 2214

7º - depois (21x)
Linhas: 240, 431, 443, 463, 746, 931, 954, 1083, 1214, 1316, 1319, 1324, 1349, 1631, 1698, 2008, 2050, 2079, 2161, 2190, 2199

8º - dia (32x)
Linhas: 134, 259, 498, 549, 555, 568, 574, 614, 625, 640, 1079, 1114, 1126, 1242, 1336, 1340, 1484, 1541, 1626, 1670, 1737, 1742, 1747, 1803, 1832, 1866, 1985, 1990, 2131, 2136, 2179, 2190

9º - dias (25x)
Linhas: 240, 244, 256, 288, 302, 571, 580, 607, 622, 638, 650, 654, 1251, 1299, 1342, 1349, 1362, 1409, 1413, 1420, 1634, 1676, 1979, 1985, 2056

10º - e (41x)
Linhas: 87, 91, 97, 206, 254, 289, 340, 444, 532, 574, 616, 781, 837, 944, 998, 1066, 1067, 1071, 1175, 1198, 1212, 1213, 1261, 1353, 1357, 1383, 1431, 1541, 1783, 1788, 1798, 1824, 1872, 1892, 1902, 2010, 2049, 2146, 2190, 2198, 2227

11º - ella (60x)
Linhas: 116, 155, 168, 278, 325, 348, 438, 472, 479, 526, 528, 586, 588, 637, 709, 738, 752, 755, 771, 814, 831, 860, 877, 886, 939, 957, 966, 978, 984, 1027, 1035, 1047, 1242, 1252, 1357, 1391, 1456, 1480, 1488, 1547, 1550, 1835, 1931, 1939, 1989, 1993, 2004, 2013, 2034, 2045, 2061, 2069, 2082, 2101, 2112, 2135, 2177, 2186, 2187, 2214

12º - era (63x)
Linhas: 73, 78, 138, 153, 204, 206, 213, 292, 304, 326, 347, 348, 354, 402, 409, 476, 482, 500, 521, 529, 535, 597, 642, 648, 691, 728, 728, 752, 901, 923, 936, 941, 990, 1095, 1115, 1127, 1187, 1194, 1194, 1229, 1267, 1275, 1295, 1316, 1333, 1370, 1449, 1465, 1531, 1532, 1767, 1771, 1774, 1803, 1834, 1834, 1856, 1885, 1895, 1899, 1907, 2117, 2140

13º - essa (29x)
Linhas: 39, 137, 137, 158, 284, 295, 368, 376, 450, 521, 561, 625, 869, 923, 928, 928, 986, 990, 1237, 1299, 1315, 1358, 1573, 1584, 1848, 1855, 1884, 2019, 2057

14º - esse (26x)
Linhas: 39, 179, 182, 308, 439, 443, 501, 528, 561, 718, 741, 801, 897, 924, 1106, 1187, 1237, 1249, 1262, 1410, 1450, 1839, 2131, 2135, 2164, 2197

15º - estava (36x)
Linhas: 54, 64, 88, 147, 248, 259, 387, 392, 475, 575, 644, 689, 708, 726, 770, 811, 1004, 1018, 1021, 1107, 1121, 1159, 1181, 1212, 1212, 1251, 1267, 1349, 1380, 1506, 1684, 1728, 1868, 1948, 2049, 2061

16º - foi (24x)
Linhas: 70, 81, 101, 147, 182, 201, 312, 735, 931, 1004, 1047, 1063, 1074, 1218, 1220, 1232, 1269, 1315, 1553, 1577, 1777, 1941, 1989, 2131

17º - havia (23x)
Linhas: 256, 300, 592, 622, 742, 776, 785, 855, 920, 994, 1016, 1100, 1308, 1546, 1589, 1750, 1766, 1836, 1933, 1989, 2036, 2072, 2220

18º - homem (23x)
Linhas: 37, 132, 210, 259, 322, 360, 640, 1067, 1134, 1141, 1184, 1461, 1512, 1538, 1680, 1739, 1758, 1824, 1845, 1861, 1886, 1902, 2058

19º - horas (20x)
Linhas: 34, 230, 244, 553, 644, 1387, 1480, 1494, 1498, 1685, 1698, 1720, 1747, 1818, 1827, 1933, 1979, 1984, 2087, 2213

20º - isto (25x)
Linhas: 45, 170, 200, 256, 321, 439, 509, 658, 734, 793, 954, 1386, 1525, 1620, 1640, 1675, 1707, 1853, 2014, 2092, 2159, 2190, 2202, 2210, 2224

21º - já (20x)
Linhas: 64, 80, 182, 574, 658, 664, 797, 1117, 1222, 1223, 1287, 1364, 1520, 1527, 1640, 1746, 1840, 1917, 1938, 1939

22º - mais (43x)
Linhas: 34, 45, 92, 110, 150, 170, 174, 180, 215, 280, 300, 426, 647, 693, 723, 728, 815, 848, 982, 1041, 1126, 1168, 1215, 1275, 1289, 1360, 1362, 1367, 1413, 1484, 1588, 1618, 1695, 1710, 1742, 1771, 1789, 1928, 1934, 2061, 2154, 2188, 2201

23º - mas (64x)
Linhas: 31, 54, 87, 119, 123, 215, 284, 295, 354, 380, 402, 429, 472, 479, 513, 605, 628, 721, 730, 738, 765, 806, 847, 936, 997, 1092, 1111, 1117, 1139, 1267, 1287, 1292, 1325, 1358, 1372, 1383, 1424, 1504, 1512, 1536, 1549, 1569, 1592, 1609, 1618, 1648, 1669, 1707, 1774, 1815, 1823, 1877, 1933, 1953, 1999, 2045, 2049, 2073, 2096, 2141, 2171, 2206, 2211, 2230

24º - mesmo (23x)
Linhas: 96, 298, 305, 410, 469, 590, 789, 846, 863, 1132, 1296, 1337, 1531, 1603, 1631, 1656, 1679, 1778, 1892, 1931, 2006, 2021, 2195

25º - minha (114x)
Linhas: 31, 96, 143, 161, 182, 220, 222, 240, 245, 248, 268, 292, 319, 326, 347, 348, 363, 383, 384, 532, 549, 581, 583, 641, 711, 724, 737, 754, 799, 827, 923, 928, 936, 970, 982, 991, 1004, 1009, 1021, 1022, 1040, 1046, 1060, 1061, 1079, 1084, 1085, 1096, 1117, 1121, 1131, 1133, 1137, 1152, 1165, 1168, 1171, 1175, 1188, 1189, 1198, 1222, 1232, 1308, 1310, 1317, 1320, 1323, 1325, 1342, 1349, 1353, 1359, 1377, 1377, 1403, 1411, 1421, 1446, 1483, 1486, 1488, 1532, 1549, 1553, 1577, 1679, 1689, 1696, 1762, 1766, 1802, 1814, 1873, 1904, 1904, 1907, 1930, 1935, 1938, 1976, 1983, 1998, 2026, 2097, 2099, 2103, 2104, 2123, 2182, 2197, 2204, 2205, 2213

26º - momento (18x)
Linhas: 284, 326, 368, 865, 923, 1132, 1329, 1332, 1594, 1596, 1711, 1725, 1733, 1773, 1809, 1859, 2069, 2124

27º - mulher (25x)
Linhas: 88, 131, 150, 163, 166, 178, 185, 185, 192, 209, 209, 260, 260, 447, 506, 588, 712, 925, 1067, 1277, 1378, 1648, 1707, 1908, 2000

28º - mãi (22x)
Linhas: 384, 1046, 1060, 1084, 1096, 1121, 1131, 1133, 1147, 1168, 1175, 1232, 1236, 1262, 1353, 1419, 1452, 1949, 1953, 2045, 2251, 2251

29º - noite (20x)
Linhas: 54, 75, 135, 325, 368, 489, 689, 770, 972, 986, 991, 1074, 1609, 1631, 1722, 1738, 1774, 1831, 1865, 1895

30º - o (22x)
Linhas: 179, 256, 360, 510, 557, 712, 936, 1047, 1299, 1332, 1367, 1477, 1512, 1564, 1626, 1753, 1770, 1858, 1876, 1899, 1984, 1993

31º - olhos (26x)
Linhas: 221, 280, 415, 944, 960, 1048, 1106, 1146, 1154, 1169, 1320, 1429, 1501, 1570, 1584, 1653, 1659, 1732, 1798, 1865, 1949, 1954, 2069, 2072, 2077, 2227

32º - porque (28x)
Linhas: 174, 182, 438, 500, 509, 510, 613, 781, 798, 801, 804, 823, 852, 852, 858, 860, 1083, 1262, 1428, 1517, 1527, 1640, 1691, 1692, 2197, 2202, 2213, 2226

33º - pouco (19x)
Linhas: 91, 91, 201, 354, 626, 815, 1122, 1156, 1228, 1324, 1396, 1586, 1799, 1799, 1912, 1933, 2087, 2131, 2131

34º - prima (25x)
Linhas: 31, 161, 182, 248, 549, 641, 711, 737, 754, 923, 1198, 1486, 1577, 1708, 1762, 1802, 1814, 1904, 1976, 2026, 2123, 2182, 2197, 2213, 2233

35º - quando (56x)
Linhas: 81, 196, 211, 221, 251, 267, 387, 396, 443, 455, 536, 555, 574, 595, 644, 695, 741, 777, 789, 856, 866, 972, 1001, 1047, 1074, 1087, 1101, 1102, 1117, 1251, 1270, 1273, 1280, 1323, 1329, 1342, 1366, 1449, 1463, 1585, 1588, 1614, 1675, 1708, 1802, 1895, 1896, 1899, 1943, 1952, 1982, 2103, 2103, 2177, 2190, 2227

36º - que (36x)
Linhas: 123, 175, 284, 322, 483, 535, 583, 608, 708, 723, 896, 897, 981, 1092, 1223, 1237, 1244, 1266, 1298, 1304, 1345, 1382, 1525, 1549, 1669, 1831, 1836, 1877, 2005, 2018, 2032, 2036, 2096, 2136, 2201, 2213

37º - só (38x)
Linhas: 116, 131, 176, 178, 185, 312, 354, 363, 372, 387, 510, 632, 717, 856, 862, 954, 986, 1001, 1047, 1057, 1065, 1068, 1092, 1096, 1236, 1302, 1308, 1449, 1457, 1549, 1579, 1626, 1747, 1904, 1934, 1959, 2169, 2227

38º - tempo (22x)
Linhas: 96, 242, 293, 336, 429, 565, 847, 886, 897, 1070, 1083, 1131, 1314, 1510, 1820, 1965, 1979, 2021, 2087, 2133, 2195, 2207

39º - tinha (71x)
Linhas: 104, 142, 206, 222, 283, 292, 300, 301, 301, 321, 363, 398, 402, 406, 454, 463, 482, 500, 590, 622, 632, 730, 776, 789, 927, 936, 998, 1060, 1110, 1126, 1143, 1172, 1184, 1196, 1227, 1233, 1265, 1280, 1287, 1323, 1372, 1449, 1503, 1504, 1504, 1521, 1531, 1545, 1545, 1655, 1658, 1704, 1746, 1751, 1751, 1752, 1757, 1774, 1783, 1808, 1810, 1823, 1930, 1933, 1982, 2003, 2008, 2010, 2072, 2120, 2139

40º - toda (19x)
Linhas: 186, 206, 325, 370, 417, 776, 833, 923, 1022, 1377, 1377, 1444, 1750, 1855, 1946, 1957, 2151, 2173, 2175

41º - tudo (21x)
Linhas: 45, 200, 297, 439, 480, 591, 712, 950, 954, 986, 1055, 1228, 1257, 1261, 1332, 1588, 1868, 1934, 1938, 1998, 2202

42º - tão (35x)
Linhas: 147, 309, 340, 369, 472, 626, 626, 730, 811, 811, 874, 981, 993, 993, 1174, 1199, 1226, 1228, 1275, 1303, 1329, 1338, 1338, 1347, 1453, 1453, 1475, 1475, 1478, 1684, 1709, 1821, 1824, 1840, 2169

43º - um (19x)
Linhas: 167, 275, 506, 814, 848, 941, 1165, 1218, 1476, 1503, 1546, 1704, 1729, 1766, 1885, 1988, 2003, 2157, 2205

44º - uma (19x)
Linhas: 31, 60, 142, 182, 274, 300, 363, 451, 613, 713, 734, 990, 1242, 1372, 1581, 1794, 1815, 1958, 2210

45º - vida (20x)
Linhas: 571, 823, 824, 861, 870, 975, 1040, 1044, 1222, 1283, 1363, 1411, 1414, 1453, 1465, 1579, 1840, 2096, 2097, 2146

46º - voz (19x)
Linhas: 267, 268, 297, 322, 332, 422, 437, 450, 466, 748, 793, 843, 874, 1323, 1662, 1903, 2082, 2085, 2153

47º - á (176x)
Linhas: 46, 57, 61, 61, 67, 80, 81, 94, 97, 129, 142, 145, 161, 174, 175, 178, 201, 210, 210, 229, 229, 244, 248, 252, 262, 263, 264, 322, 325, 341, 341, 342, 345, 347, 399, 407, 422, 432, 437, 438, 445, 475, 483, 484, 486, 489, 509, 521, 526, 535, 568, 568, 569, 579, 594, 604, 641, 644, 658, 694, 717, 724, 770, 848, 868, 869, 870, 955, 1018, 1019, 1044, 1051, 1083, 1095, 1096, 1096, 1134, 1169, 1171, 1172, 1199, 1207, 1212, 1239, 1243, 1252, 1259, 1261, 1275, 1283, 1283, 1292, 1292, 1295, 1300, 1310, 1341, 1343, 1347, 1353, 1409, 1431, 1449, 1454, 1470, 1477, 1513, 1517, 1520, 1525, 1578, 1581, 1586, 1596, 1600, 1616, 1638, 1648, 1682, 1684, 1684, 1694, 1704, 1704, 1711, 1729, 1733, 1734, 1743, 1765, 1766, 1773, 1773, 1786, 1794, 1799, 1808, 1809, 1832, 1835, 1853, 1859, 1864, 1872, 1877, 1881, 1893, 1895, 1903, 1914, 1914, 1921, 1927, 1930, 1938, 1939, 1946, 1954, 1984, 1995, 2004, 2006, 2014, 2041, 2056, 2074, 2087, 2087, 2137, 2169, 2179, 2188, 2197, 2207, 2207, 2228

48º - á (18x)
Linhas: 134, 174, 392, 463, 591, 697, 1057, 1229, 1236, 1258, 1282, 1349, 1418, 1694, 1746, 1907, 2056, 2057

49º - é (62x)
Linhas: 31, 140, 163, 168, 170, 174, 191, 195, 197, 242, 256, 319, 441, 509, 526, 579, 675, 711, 803, 804, 823, 824, 847, 892, 894, 895, 895, 895, 1040, 1137, 1139, 1152, 1159, 1165, 1247, 1340, 1357, 1358, 1429, 1529, 1603, 1608, 1609, 1609, 1614, 1629, 1640, 1644, 1646, 1669, 1691, 1692, 1707, 1757, 1759, 2026, 2097, 2170, 2195, 2210, 2224, 2227

50º - ia (18x)
Linhas: 330, 429, 536, 925, 1087, 1132, 1171, 1229, 1282, 1366, 1546, 1561, 1566, 1798, 1835, 1931, 1939, 2118

