1º - --e (154x)
Linhas: 233, 265, 310, 513, 638, 689, 729, 1121, 1282, 1335, 1582, 1612, 1632, 1639, 1784, 1861, 2319, 2328, 2332, 2336, 2342, 2359, 2463, 2470, 3047, 3376, 3417, 3460, 3493, 3549, 3609, 3862, 4188, 4246, 4422, 4617, 4766, 4782, 4843, 5228, 5232, 5279, 5384, 5649, 5685, 5718, 5878, 5962, 6023, 6048, 6092, 6134, 6453, 6621, 6675, 6716, 6794, 6809, 6864, 6876, 6954, 7098, 7194, 7494, 7713, 7733, 8346, 8604, 8805, 8825, 8856, 8913, 9215, 9305, 9337, 9391, 9492, 9690, 9884, 10194, 10232, 10254, 10471, 10543, 10549, 10684, 10700, 10811, 10866, 11352, 11364, 11950, 11960, 11988, 12096, 12098, 12202, 12216, 12220, 12242, 12244, 12257, 12280, 12287, 12300, 12493, 13032, 13135, 13156, 13219, 13272, 13643, 13647, 13675, 13725, 13727, 13752, 13760, 13784, 13967, 14284, 14346, 14489, 14545, 14556, 14707, 14784, 14877, 15191, 15197, 15247, 15314, 15410, 15416, 15600, 15679, 15685, 16059, 16070, 16338, 16596, 16676, 16768, 16785, 16840, 17256, 17426, 17477, 17550, 17569, 17605, 18235, 18455, 18547

2º - a (307x)
Linhas: 121, 156, 161, 259, 273, 329, 428, 458, 468, 516, 541, 626, 641, 682, 893, 926, 954, 1009, 1071, 1322, 1354, 1622, 1642, 1671, 1675, 1822, 1993, 2082, 2083, 2163, 2361, 2492, 2691, 2885, 2900, 2911, 2913, 2933, 2960, 2991, 3013, 3016, 3039, 3047, 3181, 3192, 3233, 3252, 3254, 3264, 3286, 3287, 3315, 3318, 3326, 3556, 3571, 3631, 3821, 3832, 3850, 3899, 3916, 4073, 4118, 4269, 4337, 4371, 4548, 4593, 4600, 4613, 4709, 4734, 4869, 4914, 4920, 4958, 5101, 5157, 5182, 5192, 5207, 5262, 5362, 5370, 5437, 5516, 5618, 5635, 5897, 5987, 6177, 6189, 6246, 6320, 6328, 6351, 6370, 6463, 6601, 6747, 6775, 6795, 6841, 6873, 6888, 6894, 6936, 6938, 6956, 6967, 7008, 7028, 7035, 7125, 7234, 7240, 7244, 7262, 7288, 7328, 7332, 7335, 7336, 7339, 7511, 7558, 7744, 7823, 7859, 7943, 8012, 8114, 8166, 8193, 8212, 8279, 8489, 8562, 8564, 8660, 8673, 8675, 8748, 8756, 8768, 8859, 8920, 8976, 9130, 9135, 9139, 9200, 9257, 9342, 9369, 9395, 9690, 9735, 9754, 9821, 9833, 9843, 9929, 9987, 10039, 10134, 10139, 10143, 10155, 10184, 10189, 10215, 10241, 10273, 10371, 10493, 10536, 10562, 10644, 10736, 10854, 10887, 11070, 11142, 11502, 11522, 11579, 11634, 11637, 11767, 11817, 11837, 11915, 11931, 11934, 11970, 11985, 12010, 12301, 12334, 12340, 12392, 12421, 12514, 12590, 12688, 12802, 12826, 12855, 12896, 12965, 12982, 12983, 13009, 13027, 13285, 13331, 13371, 13393, 13574, 13593, 13813, 13832, 13847, 13893, 13931, 14081, 14138, 14167, 14215, 14255, 14330, 14361, 14362, 14398, 14459, 14529, 14592, 14617, 14650, 14651, 14790, 14870, 14916, 14937, 14984, 15100, 15269, 15270, 15283, 15293, 15341, 15572, 15721, 15758, 15790, 15828, 16050, 16162, 16235, 16261, 16320, 16370, 16551, 16626, 16665, 16704, 16768, 16886, 16894, 16912, 16930, 16940, 16951, 16955, 16976, 17021, 17028, 17164, 17188, 17303, 17376, 17405, 17413, 17500, 17553, 17716, 17730, 17745, 17758, 17840, 17860, 17899, 17969, 17999, 18046, 18055, 18203, 18348, 18367, 18440, 18450, 18484, 18493, 18586

3º - bazilio (277x)
Linhas: 1, 19, 222, 416, 421, 426, 452, 454, 467, 477, 510, 706, 2184, 2187, 2196, 2210, 2219, 2233, 2241, 2387, 2398, 2408, 2494, 2537, 2557, 3362, 3372, 3398, 3427, 3438, 3451, 3479, 3481, 3487, 3507, 3514, 3529, 3542, 3565, 3598, 3620, 3637, 3679, 3682, 3760, 3777, 3777, 3810, 3819, 3832, 3855, 3866, 3879, 3896, 3903, 3945, 3956, 3963, 3974, 3977, 4017, 4055, 4080, 4086, 4095, 4102, 4110, 4117, 4118, 4132, 4137, 4151, 4193, 4201, 4208, 4229, 4243, 4249, 4269, 4287, 4344, 4442, 4446, 4448, 4652, 4666, 4683, 4856, 4906, 4930, 4937, 5030, 5039, 5064, 5098, 5104, 5106, 5305, 5732, 5734, 5742, 5753, 5774, 5807, 5816, 5843, 5855, 5864, 5872, 5906, 5935, 5948, 5959, 5966, 5975, 6163, 6178, 6193, 6242, 6282, 6414, 6422, 6427, 6429, 6439, 7004, 7012, 7033, 7058, 7123, 7132, 7144, 7146, 7150, 7171, 7337, 7426, 7427, 7432, 7589, 7783, 7901, 7911, 7934, 7950, 7995, 7998, 8015, 8021, 8031, 8219, 8589, 8596, 8601, 8608, 8634, 8648, 8669, 8672, 8921, 8929, 8945, 8993, 9014, 9039, 9058, 9129, 9129, 9134, 9164, 9178, 9196, 9243, 9253, 9268, 9276, 9295, 9313, 9349, 9373, 9466, 9477, 9623, 9669, 9676, 9681, 9772, 9782, 10008, 10013, 10015, 10018, 10091, 10094, 10118, 10339, 10351, 10404, 10445, 10459, 10462, 10471, 10505, 10512, 10522, 10572, 10578, 10589, 10596, 10607, 10625, 10665, 10668, 10686, 10698, 10717, 10732, 10745, 10754, 10760, 10785, 10798, 10809, 10837, 10847, 10878, 10885, 10894, 10920, 10940, 11167, 11307, 11339, 11341, 11520, 11522, 11523, 11603, 11666, 11713, 11718, 11725, 11734, 11926, 12086, 12091, 12377, 12380, 12391, 12415, 13301, 16020, 16904, 17305, 17630, 17737, 17757, 18388, 18420, 18430, 18436, 18450, 18458, 18474, 18488, 18493, 18496, 18503, 18507, 18511, 18523, 18529, 18534, 18568, 18605, 18618, 18684

4º - bem (171x)
Linhas: 215, 227, 304, 319, 421, 585, 660, 693, 702, 729, 1083, 1121, 1188, 1240, 1695, 1871, 1884, 1893, 2246, 2260, 2290, 2376, 2411, 2471, 2529, 2875, 2936, 3479, 3502, 3516, 3520, 3520, 3526, 3554, 3621, 3652, 3701, 3846, 4030, 4070, 4095, 4161, 4177, 4262, 4454, 4720, 4752, 4839, 5932, 6000, 6115, 6198, 6200, 6332, 6342, 6364, 6387, 6390, 6392, 6521, 6602, 6736, 6754, 6841, 6920, 7157, 7204, 7480, 7498, 7561, 7737, 7783, 7784, 7815, 7838, 7842, 8385, 8440, 8506, 8598, 8846, 8846, 8859, 8886, 8984, 9065, 9103, 9147, 9405, 9719, 9886, 9942, 10000, 10041, 10629, 10764, 10767, 10980, 11019, 11049, 11287, 11314, 11430, 11544, 11556, 11568, 11719, 11783, 11801, 11845, 12065, 12065, 12302, 12475, 12475, 12593, 12793, 12793, 12795, 13246, 13429, 13463, 13465, 13476, 13481, 13583, 13685, 13832, 14165, 14173, 14188, 14484, 14484, 14562, 14689, 14995, 15075, 15083, 15086, 15279, 15284, 15383, 15504, 15517, 15585, 15623, 15721, 15938, 15959, 16160, 16203, 16480, 16518, 16799, 16907, 16990, 17052, 17065, 17289, 17297, 17305, 17317, 17451, 17513, 17622, 17624, 17902, 18084, 18333, 18361, 18370

5º - casa (212x)
Linhas: 165, 190, 195, 207, 246, 292, 465, 537, 740, 779, 960, 983, 1043, 1060, 1126, 1151, 1254, 1586, 1620, 1649, 1976, 2046, 2051, 2057, 2117, 2205, 2230, 2258, 2312, 2413, 2464, 2734, 2774, 2797, 2839, 2985, 2987, 3305, 3797, 3820, 3917, 4377, 4432, 4435, 4485, 4510, 4517, 4527, 4532, 4535, 4542, 4546, 4592, 4617, 4619, 4789, 4856, 5129, 5161, 5165, 5486, 5491, 5594, 5712, 5723, 6116, 6230, 6291, 6308, 6408, 6488, 6635, 6750, 6776, 7065, 7301, 7676, 7941, 8201, 8255, 8383, 8483, 8505, 8600, 8619, 8644, 8776, 8807, 8811, 8819, 8857, 8872, 8888, 8949, 9073, 9130, 9149, 9409, 9431, 9462, 9467, 9620, 9628, 9785, 9789, 9944, 9988, 10006, 10066, 10068, 10091, 10158, 10349, 10391, 10480, 10488, 10527, 10975, 11027, 11452, 11500, 11505, 11509, 11519, 11541, 11562, 11654, 12480, 12566, 12737, 12753, 12779, 12786, 12798, 12807, 12916, 13009, 13080, 13114, 13132, 13259, 13345, 13376, 13391, 13785, 14001, 14047, 14076, 14110, 14151, 14154, 14435, 14460, 14605, 14870, 14903, 14959, 15002, 15005, 15033, 15178, 15303, 15434, 15514, 15570, 15585, 15645, 15654, 15663, 15755, 15888, 16023, 16086, 16112, 16134, 16141, 16233, 16255, 16297, 16380, 16402, 16408, 16427, 16584, 16627, 16644, 16666, 16760, 16765, 16768, 16781, 16845, 16849, 16871, 16875, 16877, 17015, 17156, 17356, 17419, 17710, 17858, 17938, 18134, 18146, 18333, 18437, 18481, 18494, 18526, 18535, 18601

6º - conselheiro (164x)
Linhas: 1028, 1109, 1111, 1111, 1140, 1145, 1155, 1182, 1226, 1247, 1341, 1348, 1377, 1391, 1477, 1490, 1508, 1519, 1540, 1755, 1760, 1764, 1777, 1788, 1825, 3609, 3948, 3968, 3979, 3992, 4021, 4044, 4050, 4072, 4086, 4089, 4096, 4128, 4159, 7474, 7645, 7873, 8180, 8206, 8577, 8644, 8814, 9483, 9490, 9513, 9536, 9543, 9576, 9613, 9625, 9637, 9647, 9681, 9722, 9737, 9748, 9755, 9788, 10391, 11971, 11979, 11992, 12000, 12018, 12023, 12042, 12055, 12058, 12077, 12091, 12093, 12223, 12232, 12255, 12280, 12290, 12358, 12387, 13372, 13377, 13393, 13404, 13421, 13430, 13432, 13453, 13481, 13498, 13511, 13518, 13531, 13547, 13554, 13562, 13589, 13603, 13620, 13628, 13633, 13643, 13658, 13662, 13705, 13713, 13718, 13738, 13762, 13779, 13788, 13797, 13803, 13809, 13812, 13847, 13868, 13899, 13924, 13963, 13977, 13985, 14001, 15929, 15940, 15968, 15978, 15995, 16001, 16043, 16061, 16076, 16082, 16088, 16093, 16940, 17284, 17439, 17449, 17481, 17524, 17551, 17553, 18056, 18057, 18088, 18092, 18123, 18137, 18170, 18216, 18240, 18256, 18268, 18274, 18298, 18307, 18313, 18317, 18325, 18328

7º - d'um (160x)
Linhas: 130, 141, 158, 159, 194, 195, 385, 473, 531, 594, 606, 625, 631, 633, 655, 719, 805, 864, 951, 975, 1158, 1333, 1374, 1520, 1570, 1580, 1820, 1884, 1928, 1939, 2336, 2493, 2746, 2842, 3264, 3322, 3380, 3442, 3602, 3996, 4037, 4118, 4119, 4139, 4184, 4420, 4455, 4549, 4549, 4552, 4676, 4695, 4709, 5048, 5053, 5054, 5089, 5107, 5129, 5176, 5182, 5202, 5862, 5908, 5908, 6305, 6430, 6491, 6525, 6655, 6683, 7271, 7279, 7325, 7351, 7470, 7638, 7806, 7864, 7870, 7947, 7965, 7976, 7979, 7979, 7988, 7989, 8299, 8330, 8726, 8834, 8958, 9558, 9567, 9571, 9635, 9664, 9703, 9741, 9865, 10005, 10227, 10439, 10642, 11140, 11337, 11371, 11757, 11823, 12038, 12359, 12393, 12393, 12409, 12466, 12498, 12754, 13197, 13284, 13295, 13298, 13410, 13411, 13471, 13485, 13508, 13791, 13815, 13822, 13919, 14178, 14368, 14646, 14711, 14786, 15845, 15869, 15888, 15903, 15923, 15924, 15966, 16006, 16008, 16010, 16141, 16440, 16527, 16737, 16741, 17168, 17376, 17631, 17821, 17838, 17855, 17955, 18562, 18609, 18618

8º - de (284x)
Linhas: 76, 110, 111, 158, 183, 275, 276, 307, 376, 384, 537, 556, 638, 896, 939, 990, 1000, 1044, 1049, 1058, 1131, 1259, 1315, 1327, 1351, 1387, 1542, 1573, 1764, 1781, 1849, 1948, 1995, 2008, 2054, 2096, 2157, 2164, 2229, 2232, 2233, 2275, 2473, 2520, 2591, 2638, 2661, 2713, 2767, 2770, 2789, 2798, 2857, 2860, 2875, 2925, 2935, 2937, 2976, 2986, 2994, 3023, 3083, 3132, 3163, 3244, 3272, 3306, 3333, 3390, 3400, 3559, 3582, 3588, 3595, 3626, 3657, 3674, 3744, 3745, 3827, 4034, 4040, 4052, 4065, 4386, 4390, 4433, 4515, 4565, 4601, 4620, 4627, 4658, 4660, 4809, 4913, 4937, 5041, 5042, 5048, 5178, 5199, 5235, 5257, 5521, 5620, 5626, 5649, 5850, 5996, 6011, 6076, 6208, 6421, 6691, 6693, 6699, 6759, 6794, 6857, 7063, 7114, 7265, 7294, 7354, 7394, 7395, 7444, 7456, 7472, 7563, 7697, 7769, 7872, 7911, 7912, 7960, 7990, 8018, 8043, 8056, 8330, 8462, 8626, 8762, 8857, 8960, 9141, 9174, 9431, 9548, 9639, 9661, 9664, 9680, 9687, 9782, 9945, 10031, 10057, 10147, 10150, 10321, 10370, 10416, 10473, 10778, 11074, 11077, 11155, 11157, 11166, 11181, 11187, 11272, 11320, 11323, 11347, 11407, 11503, 11518, 11531, 11598, 11700, 11735, 11788, 11825, 11910, 12078, 12109, 12172, 12236, 12356, 12560, 12783, 12825, 12828, 12853, 12887, 12943, 13014, 13107, 13116, 13219, 13307, 13317, 13343, 13401, 13426, 13442, 13600, 13658, 13697, 13735, 13744, 13822, 13824, 13894, 13947, 14104, 14112, 14227, 14308, 14343, 14440, 14494, 14559, 14760, 14830, 14831, 14902, 15037, 15057, 15098, 15204, 15244, 15321, 15374, 15375, 15431, 15520, 15645, 15769, 15801, 15857, 15876, 15896, 15909, 15949, 16038, 16121, 16159, 16202, 16223, 16286, 16435, 16488, 16501, 16545, 16547, 16643, 16845, 16932, 17004, 17011, 17013, 17066, 17316, 17370, 17375, 17470, 17698, 17746, 17750, 17753, 17830, 18122, 18134, 18212, 18235, 18295, 18431, 18476

9º - depois (157x)
Linhas: 150, 302, 438, 473, 516, 537, 680, 963, 1260, 1426, 1580, 1586, 1669, 1717, 2303, 2497, 2504, 2694, 2723, 2758, 2782, 2993, 3160, 3623, 3694, 3879, 4138, 4296, 4381, 4420, 4460, 4600, 4612, 4687, 4758, 5046, 5107, 5257, 5480, 5739, 6078, 6589, 6614, 6683, 6693, 6783, 6794, 7095, 7253, 7322, 7365, 7424, 7826, 7840, 7915, 8070, 8203, 8327, 8489, 8645, 8657, 8783, 8974, 9139, 9325, 9375, 9411, 9505, 9511, 9553, 9568, 9623, 9989, 10005, 10095, 10150, 10164, 10215, 10304, 10337, 10466, 10491, 10545, 10557, 10628, 10969, 11017, 11071, 11094, 11102, 11107, 11135, 11198, 11214, 11313, 11330, 11375, 11488, 11733, 11733, 11772, 11890, 12335, 12421, 12498, 12520, 12629, 12735, 12795, 12873, 12893, 12959, 13197, 13280, 13282, 13284, 13350, 13377, 13793, 13926, 14004, 14087, 14132, 14143, 14368, 14516, 14571, 14651, 14720, 15002, 15098, 15209, 15512, 15718, 15768, 15855, 15892, 16127, 16242, 16527, 16684, 16944, 17045, 17169, 17179, 17243, 17276, 17307, 17743, 17955, 17958, 18113, 18134, 18153, 18153, 18441, 18618

10º - dia (146x)
Linhas: 136, 167, 509, 674, 954, 1069, 1137, 1160, 1175, 1265, 1940, 1985, 2013, 2274, 2348, 2535, 2557, 2584, 2631, 2753, 2775, 2784, 2840, 2841, 2866, 2898, 2987, 3044, 3231, 3250, 3280, 3391, 3462, 3583, 3747, 4260, 4375, 4412, 4442, 4594, 5039, 5077, 5480, 5496, 6073, 6163, 6842, 7817, 7844, 8088, 8091, 8100, 8108, 8173, 8201, 8224, 8242, 8557, 8725, 8818, 8955, 8986, 9147, 9313, 9465, 9528, 9544, 9623, 9697, 9986, 9990, 10020, 10138, 10147, 10190, 10241, 10322, 10422, 10827, 11059, 11071, 11190, 11460, 11511, 11601, 11638, 11638, 11645, 11705, 11719, 11740, 11750, 11895, 11972, 11986, 12261, 12455, 12615, 12629, 12720, 12724, 12734, 12772, 12815, 12896, 12925, 12965, 13001, 13013, 13018, 13044, 13383, 13520, 13747, 13943, 14044, 14061, 14081, 14123, 14126, 14309, 14332, 14343, 14385, 14414, 14435, 14902, 15005, 15050, 15057, 15097, 15192, 15286, 16045, 16870, 16974, 17067, 17180, 17271, 17328, 17587, 17878, 18231, 18361, 18552, 18581

11º - e (185x)
Linhas: 422, 449, 461, 474, 599, 618, 623, 723, 875, 1135, 1176, 1218, 1403, 1574, 1605, 1657, 1685, 1907, 1931, 1936, 2000, 2002, 2013, 2126, 2187, 2284, 2387, 2511, 2634, 3015, 3067, 3247, 3303, 3359, 3382, 3405, 3581, 3634, 3653, 3671, 3789, 3903, 4007, 4381, 4437, 4553, 4588, 4596, 4655, 4700, 4704, 4807, 4949, 5104, 5321, 5353, 5389, 5513, 5530, 5590, 5787, 5846, 5938, 6043, 6109, 6193, 6480, 6694, 7088, 7220, 7379, 7477, 7641, 7918, 7934, 8028, 8105, 8147, 8243, 8455, 8519, 8558, 8568, 8683, 8772, 9016, 9112, 9116, 9133, 9140, 9406, 9477, 9571, 9573, 9715, 9812, 9958, 9997, 10059, 10065, 10244, 10259, 10362, 10417, 10512, 10627, 10749, 10819, 10935, 10954, 10993, 11145, 11150, 11200, 11265, 11383, 11595, 11603, 11618, 11706, 11742, 11879, 11926, 12019, 12355, 12369, 12400, 12401, 12428, 12434, 12468, 12542, 12586, 12615, 12957, 12987, 13207, 13378, 13421, 13448, 13474, 13506, 13554, 13579, 13633, 13741, 14103, 14144, 14381, 14431, 14542, 14675, 15005, 15051, 15215, 15291, 15334, 15370, 15447, 15508, 15550, 15692, 15924, 15935, 15945, 16007, 16033, 16415, 16653, 16698, 16793, 16989, 17146, 17167, 17168, 17196, 17199, 17306, 17486, 17685, 17744, 17872, 17992, 18123, 18213

12º - ella (419x)
Linhas: 170, 256, 288, 310, 312, 319, 334, 416, 419, 452, 463, 500, 524, 550, 599, 602, 803, 831, 905, 1015, 1159, 1247, 1471, 1538, 1585, 1642, 1672, 1677, 1750, 1781, 1810, 1869, 1936, 2046, 2075, 2152, 2215, 2246, 2260, 2323, 2326, 2349, 2402, 2459, 2479, 2509, 2745, 2753, 2762, 2786, 2793, 2852, 2891, 2903, 2911, 2960, 2991, 2995, 2995, 3006, 3222, 3244, 3457, 3547, 3721, 4013, 4231, 4253, 4316, 4324, 4382, 4434, 4521, 4565, 4573, 4635, 4874, 4936, 4950, 4956, 4986, 5010, 5030, 5060, 5077, 5096, 5099, 5134, 5317, 5358, 5374, 5635, 5694, 5735, 5777, 5802, 5808, 5832, 5860, 5869, 5893, 5923, 5937, 5964, 5993, 6010, 6027, 6069, 6120, 6134, 6173, 6430, 6450, 6463, 6542, 6624, 6650, 6703, 6733, 6836, 6874, 6973, 7006, 7011, 7022, 7437, 7472, 7644, 7729, 7806, 7821, 7842, 7906, 7930, 7985, 7994, 8012, 8018, 8105, 8114, 8148, 8153, 8153, 8163, 8355, 8487, 8578, 8614, 8645, 8660, 8763, 8766, 8767, 8783, 8951, 8959, 8959, 8962, 8968, 8978, 8982, 8990, 9010, 9035, 9046, 9101, 9107, 9107, 9114, 9129, 9133, 9178, 9196, 9243, 9261, 9272, 9330, 9335, 9353, 9377, 9469, 9586, 9695, 9864, 9965, 9986, 9992, 10023, 10025, 10032, 10038, 10058, 10064, 10075, 10107, 10135, 10189, 10239, 10402, 10403, 10410, 10450, 10480, 10517, 10541, 10551, 10584, 10607, 10612, 10617, 10763, 10764, 10854, 10883, 10890, 10903, 10918, 10951, 10961, 11152, 11157, 11157, 11172, 11193, 11197, 11272, 11338, 11403, 11442, 11443, 11501, 11543, 11562, 11567, 11579, 11643, 11720, 11768, 11790, 11790, 11850, 12031, 12094, 12135, 12139, 12187, 12212, 12325, 12331, 12355, 12360, 12390, 12399, 12407, 12422, 12426, 12475, 12599, 12610, 12643, 12691, 12701, 12702, 12713, 12834, 12837, 12859, 12901, 12926, 12943, 12946, 12961, 12985, 12991, 13007, 13011, 13042, 13079, 13285, 13289, 13297, 13301, 13304, 13310, 13355, 14030, 14043, 14058, 14064, 14074, 14101, 14118, 14150, 14162, 14173, 14190, 14223, 14282, 14343, 14348, 14361, 14363, 14366, 14380, 14381, 14381, 14395, 14401, 14411, 14459, 14527, 14527, 14767, 14779, 14807, 14919, 14935, 14969, 14981, 15004, 15007, 15018, 15038, 15054, 15072, 15074, 15083, 15120, 15247, 15272, 15278, 15291, 15298, 15321, 15339, 15465, 15469, 15480, 15491, 15517, 15537, 15540, 15561, 15569, 15569, 15581, 15611, 15622, 15671, 15683, 15691, 15712, 15751, 15849, 15912, 16110, 16238, 16253, 16314, 16323, 16356, 16365, 16370, 16386, 16429, 16620, 16627, 16656, 16663, 16752, 16811, 16873, 16881, 16944, 17045, 17092, 17118, 17124, 17146, 17164, 17173, 17175, 17181, 17181, 17190, 17194, 17238, 17243, 17312, 17338, 17362, 17362, 17377, 17380, 17385, 17395, 17628, 17660, 17671, 17677, 17683, 17685, 17727, 17752, 17755, 17777, 17795, 17797, 17799, 17827, 17868, 17879, 17926, 17957, 17965, 18045, 18111, 18444, 18596

13º - elle (272x)
Linhas: 149, 212, 334, 392, 431, 521, 552, 689, 1026, 1053, 1112, 1164, 1275, 1381, 1495, 1526, 1529, 1554, 1583, 1595, 1666, 1756, 1781, 1851, 1895, 1921, 2013, 2079, 2135, 2136, 2149, 2169, 2201, 2237, 2323, 2373, 2396, 2400, 2406, 2436, 2453, 2473, 2485, 2508, 2532, 2741, 3464, 3553, 3601, 3745, 3788, 3869, 3903, 3941, 4169, 4176, 4255, 4272, 4283, 4292, 4310, 4314, 4315, 4326, 4356, 4417, 4437, 4466, 4571, 4600, 4602, 4622, 4630, 4654, 4670, 4691, 4691, 4727, 4873, 4965, 4978, 4997, 5053, 5080, 5251, 5257, 5368, 5893, 5901, 5927, 5937, 6053, 6108, 6171, 6219, 6297, 6314, 6334, 6350, 6402, 6425, 6468, 6866, 7063, 7146, 7342, 7353, 7355, 7361, 7361, 7365, 7376, 7378, 7494, 7858, 7863, 7865, 8167, 8251, 8467, 8671, 8680, 8815, 8837, 8844, 8857, 8937, 8950, 8954, 8987, 8989, 9026, 9097, 9103, 9108, 9110, 9114, 9175, 9233, 9289, 9322, 9351, 9354, 9383, 9387, 9507, 9654, 9682, 9789, 9941, 10001, 10037, 10039, 10048, 10053, 10063, 10063, 10066, 10168, 10220, 10459, 10517, 10529, 10555, 10565, 10654, 10839, 10846, 10927, 10963, 11022, 11169, 11214, 11360, 11406, 11591, 11691, 11697, 11711, 12034, 12035, 12062, 12084, 12122, 12144, 12445, 12472, 12561, 12566, 12700, 12819, 12950, 13006, 13201, 13292, 13510, 13691, 13741, 13842, 14093, 14188, 14227, 14409, 14422, 14683, 14697, 14769, 14786, 14804, 14971, 15074, 15085, 15098, 15161, 15165, 15262, 15270, 15275, 15448, 15454, 15491, 15541, 15588, 15622, 15637, 15676, 16260, 16367, 16391, 16629, 16638, 16646, 16695, 16758, 16874, 16894, 16933, 17122, 17125, 17134, 17191, 17200, 17208, 17320, 17341, 17356, 17360, 17471, 17528, 17546, 17620, 17636, 17665, 17671, 17685, 17687, 17696, 17799, 17854, 17892, 17920, 18026, 18035, 18076, 18082, 18102, 18111, 18161, 18172, 18445, 18477, 18556

14º - então (261x)
Linhas: 147, 209, 367, 416, 426, 454, 469, 495, 548, 551, 584, 701, 829, 926, 967, 1086, 1134, 1258, 1320, 1331, 1407, 1487, 1495, 1508, 1591, 1649, 1674, 1685, 1798, 1924, 1989, 2219, 2266, 2323, 2342, 2359, 2491, 2529, 2635, 2745, 2773, 2778, 2938, 3198, 3295, 3327, 3403, 3552, 3589, 3689, 3787, 3866, 4043, 4093, 4137, 4201, 4292, 4314, 4316, 4344, 4433, 4582, 4641, 4659, 4866, 4913, 4974, 4997, 5087, 5122, 5145, 5277, 5356, 5374, 5408, 5456, 5817, 5948, 5962, 6339, 6413, 6421, 6429, 6646, 6672, 7042, 7098, 7282, 7705, 7729, 7856, 7914, 7993, 8012, 8184, 8209, 8268, 8316, 8333, 8385, 8609, 8674, 8800, 8940, 9060, 9112, 9114, 9130, 9136, 9138, 9141, 9355, 9439, 9478, 9513, 9536, 9595, 9670, 9721, 9772, 9866, 9965, 9975, 10030, 10043, 10058, 10103, 10114, 10131, 10194, 10230, 10254, 10274, 10519, 10530, 10531, 10551, 10591, 10591, 10612, 10757, 10767, 10925, 11145, 11184, 11255, 11332, 11462, 11519, 11580, 11621, 11634, 11712, 11754, 11764, 11784, 11842, 11888, 11903, 11917, 11934, 12026, 12042, 12046, 12112, 12118, 12209, 12220, 12291, 12304, 12367, 12407, 12423, 12565, 12652, 12770, 12822, 12932, 12953, 12982, 12997, 13177, 13301, 13326, 13455, 13504, 13528, 13672, 13738, 13828, 13856, 13907, 13934, 13969, 14014, 14186, 14191, 14215, 14405, 14431, 14583, 14713, 14807, 14823, 14991, 15050, 15071, 15075, 15161, 15206, 15261, 15290, 15344, 15358, 15426, 15483, 15489, 15580, 15586, 15633, 15661, 15721, 15864, 15879, 15906, 15927, 15962, 16124, 16328, 16390, 16500, 16598, 16757, 16779, 16901, 16988, 16991, 17020, 17040, 17048, 17177, 17189, 17263, 17311, 17327, 17337, 17414, 17466, 17701, 17745, 17753, 17784, 17850, 17949, 17967, 17975, 18055, 18184, 18345, 18348, 18538

15º - era (569x)
Linhas: 122, 135, 147, 160, 166, 174, 180, 186, 189, 205, 273, 342, 365, 373, 400, 428, 454, 461, 479, 483, 500, 516, 541, 541, 541, 541, 546, 552, 572, 574, 584, 592, 605, 610, 618, 650, 667, 667, 680, 701, 718, 738, 738, 752, 752, 778, 778, 784, 802, 805, 807, 808, 825, 855, 856, 933, 935, 1001, 1049, 1051, 1092, 1095, 1100, 1140, 1142, 1156, 1173, 1190, 1196, 1203, 1244, 1244, 1257, 1308, 1319, 1324, 1328, 1386, 1403, 1403, 1554, 1558, 1585, 1600, 1649, 1654, 1657, 1704, 1750, 1752, 1883, 1956, 1995, 2012, 2041, 2053, 2054, 2061, 2106, 2128, 2178, 2183, 2266, 2268, 2274, 2298, 2323, 2349, 2350, 2350, 2350, 2413, 2475, 2528, 2529, 2532, 2534, 2536, 2583, 2613, 2645, 2722, 2733, 2741, 2755, 2767, 2795, 2824, 2836, 2852, 2868, 2870, 2875, 2880, 2885, 2910, 2927, 2961, 3002, 3002, 3008, 3010, 3016, 3022, 3037, 3231, 3279, 3309, 3359, 3448, 3476, 3531, 3561, 3598, 3617, 3667, 3726, 3766, 3768, 3851, 3867, 3916, 3941, 3973, 4003, 4024, 4031, 4035, 4044, 4045, 4148, 4162, 4176, 4263, 4326, 4327, 4387, 4433, 4442, 4470, 4477, 4515, 4521, 4523, 4551, 4556, 4563, 4573, 4573, 4584, 4585, 4600, 4602, 4645, 4691, 4700, 4728, 4749, 4751, 4760, 4809, 4813, 4817, 4824, 4904, 4947, 4951, 4985, 4986, 5000, 5024, 5050, 5087, 5087, 5090, 5091, 5150, 5155, 5543, 5563, 5574, 5579, 5582, 5589, 5591, 5671, 5680, 5691, 5733, 5750, 5780, 5831, 5832, 5912, 5992, 5993, 5994, 6012, 6012, 6077, 6106, 6163, 6198, 6205, 6219, 6221, 6326, 6388, 6408, 6416, 6422, 6424, 6425, 6442, 6508, 6521, 6525, 6553, 6573, 6582, 6598, 6602, 6609, 6624, 6666, 6711, 6713, 6874, 6922, 6938, 7048, 7065, 7112, 7262, 7272, 7331, 7339, 7340, 7376, 7426, 7439, 7669, 7769, 7784, 7830, 7858, 7860, 7864, 7865, 7872, 7907, 7911, 7917, 7954, 7974, 8056, 8064, 8121, 8177, 8225, 8274, 8355, 8419, 8452, 8456, 8475, 8494, 8526, 8526, 8567, 8577, 8600, 8645, 8675, 8680, 8681, 8683, 8684, 8714, 8732, 8756, 8763, 8767, 8786, 8860, 8921, 8922, 8926, 8950, 8979, 8982, 8989, 9101, 9129, 9136, 9140, 9147, 9160, 9161, 9175, 9177, 9187, 9267, 9327, 9477, 9544, 9544, 9577, 9579, 9622, 9640, 9676, 9688, 9708, 9719, 9739, 9988, 10000, 10009, 10032, 10037, 10048, 10089, 10105, 10113, 10146, 10350, 10362, 10419, 10420, 10422, 10465, 10629, 10651, 10659, 10661, 10800, 10949, 10952, 11020, 11136, 11145, 11151, 11155, 11156, 11160, 11184, 11196, 11201, 11203, 11323, 11405, 11405, 11413, 11445, 11513, 11558, 11559, 11562, 11579, 11594, 11595, 11632, 11637, 11709, 11716, 11719, 11788, 11822, 11825, 11827, 11827, 11836, 11836, 11889, 11895, 11926, 11931, 11939, 11946, 11990, 11996, 12093, 12113, 12119, 12239, 12265, 12268, 12348, 12355, 12364, 12415, 12424, 12514, 12537, 12542, 12565, 12567, 12609, 12739, 12750, 12788, 12803, 12807, 12839, 12842, 12852, 12867, 12889, 12921, 12938, 12985, 12985, 13024, 13401, 13406, 13411, 13433, 13484, 13487, 13504, 13685, 13687, 13688, 13691, 13699, 13715, 13748, 13770, 13788, 13800, 13801, 13808, 13837, 13842, 13856, 13936, 14021, 14083, 14108, 14109, 14111, 14125, 14321, 14411, 14421, 14422, 14422, 14434, 14529, 14650, 14685, 14871, 14902, 14930, 15012, 15018, 15072, 15073, 15075, 15082, 15140, 15210, 15210, 15363, 15363, 15364, 15412, 15514, 15590, 15615, 15616, 15627, 15676, 15681, 15721, 15722, 15805, 15933, 15982, 15982, 15995, 16117, 16239, 16449, 16454, 16454, 16468, 16523, 16527, 16585, 16598, 16604, 16632, 16727, 16857, 16874, 16887, 16944, 16944, 16945, 17021, 17022, 17023, 17042, 17172, 17194, 17195, 17196, 17303, 17308, 17329, 17347, 17366, 17470, 17554, 17695, 17779, 17851, 17885, 17915, 18159, 18160, 18209, 18371, 18407, 18462, 18598, 18602

16º - estava (292x)
Linhas: 160, 192, 467, 478, 527, 568, 619, 694, 720, 778, 852, 870, 1353, 1603, 1649, 1755, 1842, 1977, 1993, 2034, 2057, 2075, 2105, 2136, 2139, 2198, 2269, 2334, 2387, 2413, 2463, 2489, 2490, 2494, 2499, 2590, 2672, 2737, 2743, 2755, 2789, 2912, 2960, 2991, 3035, 3123, 3153, 3156, 3225, 3243, 3266, 3306, 3370, 3388, 3621, 3698, 3712, 3718, 3726, 3747, 3753, 3782, 3793, 3859, 3961, 4063, 4173, 4389, 4467, 4626, 4637, 4702, 4704, 4727, 4789, 4823, 4936, 4986, 5090, 5117, 5313, 5480, 5574, 5755, 5808, 5818, 5831, 5831, 5984, 5988, 5996, 6007, 6011, 6032, 6073, 6152, 6168, 6171, 6226, 6235, 6308, 6319, 6360, 6409, 6430, 6445, 6547, 6589, 6726, 6751, 6846, 6916, 6936, 6956, 7049, 7059, 7083, 7085, 7089, 7330, 7338, 7360, 7393, 7511, 7537, 7541, 7588, 7717, 7844, 7901, 8034, 8066, 8164, 8171, 8245, 8246, 8252, 8255, 8424, 8578, 8674, 9075, 9133, 9160, 9175, 9184, 9318, 9464, 9544, 9777, 9783, 9801, 9812, 9896, 9965, 10043, 10058, 10122, 10146, 10158, 10164, 10338, 10345, 10367, 10423, 10455, 10636, 10833, 10894, 10954, 10962, 11138, 11149, 11149, 11160, 11203, 11207, 11314, 11337, 11398, 11445, 11504, 11564, 11591, 11827, 11841, 11909, 11912, 11925, 11944, 12017, 12197, 12264, 12334, 12355, 12469, 12568, 12602, 12691, 12871, 12985, 13044, 13053, 13150, 13278, 13350, 13350, 13428, 13678, 13770, 14001, 14011, 14028, 14094, 14096, 14151, 14234, 14386, 14440, 14462, 14569, 14605, 14675, 14905, 14925, 15005, 15058, 15081, 15100, 15201, 15202, 15213, 15213, 15267, 15270, 15286, 15311, 15422, 15668, 15723, 15805, 15865, 15888, 15933, 15941, 16090, 16110, 16112, 16129, 16144, 16247, 16329, 16370, 16397, 16412, 16432, 16497, 16527, 16647, 16762, 16768, 16783, 16803, 16809, 16816, 16833, 16850, 16855, 16870, 16920, 16932, 16974, 17044, 17154, 17197, 17272, 17277, 17317, 17328, 17350, 17528, 17831, 17945, 17956, 17976, 18095, 18295, 18304, 18376, 18445, 18551, 18597

17º - está (144x)
Linhas: 401, 1306, 1406, 1495, 1519, 1589, 2046, 2103, 2187, 2464, 2464, 2603, 2865, 3042, 3070, 3135, 3511, 3520, 3801, 3830, 4171, 4430, 4635, 4641, 4641, 4772, 5013, 5295, 5317, 5317, 5371, 5372, 5528, 5642, 5718, 5962, 5969, 5983, 6041, 6070, 6115, 6116, 6119, 6257, 6340, 6383, 6639, 6685, 6687, 6782, 6784, 6784, 6871, 7194, 7194, 7231, 7437, 7437, 7563, 7575, 7613, 7800, 8083, 8181, 8195, 8196, 8376, 8377, 8402, 8411, 8413, 8435, 8868, 9423, 9490, 9539, 9539, 9540, 9589, 9887, 9953, 9953, 10079, 10258, 10258, 10527, 10730, 10736, 10851, 11056, 11057, 11061, 11128, 11233, 11314, 11364, 11410, 11650, 11809, 11965, 12343, 12563, 12876, 12876, 13021, 13104, 13158, 13461, 13713, 13740, 14060, 14061, 14170, 14484, 14484, 14617, 14727, 14728, 14834, 14914, 14944, 15037, 15324, 15618, 16297, 16532, 16533, 16534, 16661, 16681, 17146, 17544, 17544, 17655, 17777, 17902, 17931, 17980, 17980, 18080, 18291, 18420, 18476, 18526

18º - felicidade (157x)
Linhas: 395, 608, 682, 1090, 1126, 1173, 1176, 1242, 1250, 1343, 1493, 1770, 1779, 1806, 1931, 2485, 2861, 2976, 3233, 3242, 3280, 3285, 3340, 3357, 3423, 3431, 3441, 3475, 3481, 3486, 3493, 3509, 3518, 3526, 3533, 3543, 3552, 3594, 3676, 3679, 3734, 4001, 4383, 4386, 4435, 4675, 6796, 6873, 7488, 7593, 7606, 7612, 7635, 7690, 7707, 7717, 7723, 7729, 7740, 7764, 7786, 8354, 8355, 8361, 8385, 8419, 8480, 8483, 8496, 8518, 8528, 8555, 8571, 8580, 8807, 8812, 9110, 9117, 9149, 9345, 9395, 10000, 10095, 10144, 10391, 11262, 11294, 11656, 11950, 11970, 11984, 11997, 12017, 12091, 12112, 12143, 12159, 12170, 12179, 12190, 12197, 12209, 12236, 12250, 12309, 12322, 12661, 12709, 12965, 14277, 14337, 15583, 15634, 15640, 15706, 15733, 15742, 15758, 15766, 15801, 15813, 15816, 15822, 15853, 15863, 15875, 15912, 15914, 15927, 15940, 15985, 15997, 16036, 16083, 16576, 16598, 16604, 16609, 16920, 16990, 17242, 17279, 17337, 17344, 17378, 17403, 17511, 17559, 17825, 17878, 17911, 17915, 17930, 17941, 18050, 18056, 18122

19º - foi (233x)
Linhas: 36, 198, 240, 311, 312, 359, 405, 506, 529, 619, 717, 732, 831, 874, 886, 926, 929, 1453, 1595, 1728, 1789, 1841, 2049, 2091, 2151, 2244, 2249, 2302, 2382, 2487, 2555, 2561, 2578, 2612, 2720, 2758, 2907, 3152, 3154, 3168, 3298, 3680, 4013, 4167, 4229, 4256, 4264, 4387, 4442, 4551, 4574, 4612, 4630, 4704, 4737, 4779, 4917, 4918, 5077, 5100, 5251, 5257, 5499, 5501, 5508, 5614, 5711, 6074, 6108, 6151, 6166, 6173, 6184, 6193, 6199, 6465, 6487, 6576, 6621, 6703, 6733, 6809, 6943, 6952, 7033, 7079, 7110, 7144, 7185, 7191, 7207, 7234, 7241, 7347, 7377, 7430, 7575, 7601, 7769, 7982, 7985, 7995, 8018, 8201, 8242, 8351, 8359, 8505, 8525, 8565, 8571, 9159, 9259, 9313, 9341, 9406, 9411, 9414, 9548, 9798, 9801, 9863, 9886, 9898, 10012, 10027, 10112, 10264, 10287, 10353, 10362, 10369, 10997, 11050, 11072, 11430, 11480, 11620, 11705, 11712, 11720, 11972, 11979, 12061, 12139, 12212, 12305, 12329, 12487, 12507, 12585, 12607, 12641, 12660, 12881, 12960, 13045, 13096, 13123, 13277, 13345, 13347, 13371, 13671, 13822, 13962, 13963, 13983, 14023, 14089, 14124, 14256, 14501, 14635, 14769, 14839, 14850, 14873, 14919, 15099, 15195, 15242, 15242, 15268, 15307, 15333, 15341, 15350, 15487, 15572, 15675, 15692, 15759, 15782, 16083, 16214, 16227, 16338, 16341, 16346, 16491, 16508, 16627, 16645, 16713, 16809, 16865, 16888, 16901, 16955, 17010, 17066, 17109, 17161, 17175, 17274, 17419, 17528, 17587, 17675, 17758, 17786, 17809, 17819, 17824, 17837, 17905, 18026, 18088, 18095, 18111, 18134, 18558

20º - havia (161x)
Linhas: 125, 181, 212, 378, 431, 594, 752, 828, 947, 1043, 1126, 1141, 1586, 1683, 1975, 1977, 2007, 2162, 2229, 2263, 2315, 2585, 2682, 2762, 2802, 2809, 2860, 2932, 2933, 2935, 2937, 3009, 3243, 3263, 3321, 3487, 3561, 3652, 3723, 3780, 3792, 4027, 4033, 4169, 4175, 4205, 4289, 4447, 4519, 4532, 4541, 4730, 4817, 4946, 5145, 5169, 5384, 5481, 5621, 5780, 5953, 5986, 5996, 6162, 6416, 6446, 6568, 6668, 6752, 6857, 7044, 7063, 7110, 7283, 7362, 7623, 7784, 7908, 7912, 8204, 8207, 8210, 8601, 8683, 8727, 8735, 8817, 8960, 8965, 9029, 9101, 9127, 9174, 9174, 9181, 9327, 9387, 9479, 9723, 9880, 9986, 9996, 10033, 10103, 10153, 10646, 10659, 10681, 11052, 11133, 11181, 11185, 11654, 12112, 12138, 12458, 12742, 12755, 12866, 12868, 12868, 12916, 13107, 13137, 13405, 13410, 13507, 13517, 13570, 13745, 13770, 13794, 13837, 13857, 13953, 14074, 14383, 14690, 14951, 15071, 15262, 15266, 15288, 15732, 15810, 15834, 15938, 16039, 16286, 16326, 16697, 16698, 16980, 17172, 17199, 17405, 17496, 17641, 17882, 17938, 18021

21º - ia (147x)
Linhas: 177, 179, 342, 342, 681, 828, 869, 960, 1080, 1130, 1151, 1353, 1723, 1770, 2082, 2205, 2268, 2787, 2929, 2942, 2961, 2983, 3309, 3449, 3476, 3496, 3556, 3601, 3637, 3702, 4003, 4032, 4034, 4137, 4472, 4602, 4815, 4838, 5332, 5369, 5585, 5587, 5732, 5770, 5872, 5888, 5988, 5999, 6107, 6308, 6697, 6699, 6786, 6800, 6968, 7022, 7041, 7128, 7361, 7376, 7477, 7488, 7535, 7790, 7883, 7901, 7907, 8104, 8105, 8115, 8170, 8386, 8388, 8419, 8464, 8487, 8493, 8562, 8563, 8583, 8593, 8685, 8708, 8711, 8833, 8897, 8937, 8965, 8971, 9130, 9227, 9445, 9628, 9641, 9722, 10914, 10992, 11021, 11024, 11196, 11600, 11656, 11864, 11932, 12011, 12124, 12208, 12438, 12569, 12674, 12739, 12830, 12912, 13571, 13668, 13779, 14011, 14062, 14084, 14194, 14228, 14410, 14428, 14459, 15083, 15084, 15142, 15443, 15721, 15993, 16041, 16043, 16356, 16364, 16514, 16589, 16865, 16939, 17092, 17163, 17243, 17302, 17671, 17838, 17941, 18470, 18586

22º - jorge (375x)
Linhas: 102, 133, 170, 180, 182, 185, 235, 243, 259, 260, 263, 300, 322, 329, 335, 356, 388, 417, 515, 535, 538, 545, 551, 566, 579, 629, 766, 828, 847, 863, 874, 959, 1043, 1047, 1050, 1077, 1113, 1126, 1223, 1254, 1257, 1263, 1277, 1306, 1308, 1487, 1498, 1510, 1591, 1609, 1662, 1728, 1742, 1746, 1799, 1801, 1822, 1830, 1854, 1932, 1940, 1941, 1958, 1975, 1976, 1981, 2011, 2121, 2139, 2489, 2516, 2529, 2534, 2899, 2981, 2985, 2990, 3002, 3893, 3899, 3929, 3961, 4379, 4434, 4564, 4582, 4583, 4586, 4587, 4591, 4600, 4608, 4615, 4621, 4626, 4645, 4650, 4659, 4678, 4680, 4683, 4719, 4856, 5256, 5371, 6023, 6027, 6205, 6209, 6257, 6297, 6364, 6373, 6440, 6557, 6566, 6711, 6730, 6985, 7045, 7047, 7289, 7329, 7360, 7393, 7439, 8164, 8179, 8193, 8238, 8657, 8981, 8981, 9100, 9127, 9128, 9157, 9177, 9469, 10034, 10055, 10060, 10060, 10105, 10370, 10455, 10961, 10966, 10966, 10966, 11135, 11187, 11314, 11403, 11514, 11516, 11523, 11688, 11692, 11704, 11725, 11784, 11842, 11851, 11858, 11888, 11963, 12202, 12261, 12399, 12399, 12439, 12455, 12477, 12493, 12525, 12531, 12543, 12560, 12595, 12596, 12613, 12618, 12622, 12629, 12636, 12699, 12705, 12760, 12767, 12778, 12783, 12797, 12817, 12827, 12925, 12938, 12943, 12956, 12982, 12990, 12993, 13005, 13017, 13027, 13054, 13137, 13361, 13376, 13385, 13543, 13549, 13552, 13653, 13656, 13690, 13767, 13779, 13902, 13987, 13991, 14007, 14093, 14103, 14124, 14147, 14154, 14167, 14184, 14315, 14335, 14352, 14356, 14368, 14379, 14422, 14428, 14441, 14902, 14905, 14913, 14919, 14956, 15000, 15012, 15057, 15065, 15078, 15089, 15097, 15108, 15122, 15127, 15142, 15152, 15158, 15184, 15205, 15209, 15298, 15299, 15303, 15537, 15584, 15627, 15634, 15639, 15712, 15775, 15784, 15823, 15879, 15893, 16036, 16042, 16048, 16050, 16057, 16233, 16262, 16351, 16367, 16563, 16568, 16573, 16587, 16589, 16590, 16618, 16622, 16626, 16631, 16659, 16665, 16676, 16692, 16769, 16785, 16832, 16838, 16849, 16875, 16878, 16892, 16909, 16926, 16954, 16963, 16972, 16974, 16976, 17003, 17009, 17031, 17080, 17127, 17132, 17141, 17161, 17200, 17205, 17211, 17220, 17234, 17245, 17256, 17262, 17263, 17271, 17279, 17297, 17300, 17331, 17366, 17390, 17398, 17500, 17505, 17515, 17518, 17587, 17603, 17631, 17636, 17642, 17679, 17698, 17721, 17737, 17750, 17754, 17757, 17766, 17773, 17793, 17809, 17824, 17850, 17852, 17865, 17894, 17899, 17916, 17934, 17952, 17956, 18026, 18032, 18035, 18041, 18071, 18134, 18147, 18465, 18526

23º - juliana (305x)
Linhas: 271, 757, 855, 923, 931, 1424, 1428, 1434, 1513, 1574, 2025, 2041, 2070, 2074, 2076, 2563, 2569, 2578, 2641, 2644, 2648, 2651, 2681, 2684, 2728, 2733, 2751, 2759, 2907, 2911, 2921, 2946, 2948, 2952, 2992, 3033, 3051, 3081, 3096, 3117, 3120, 3140, 3164, 3181, 3192, 3231, 3234, 3253, 3265, 3284, 3294, 3325, 3327, 3712, 3717, 3782, 3946, 4363, 4375, 4737, 4741, 4747, 5487, 5501, 5516, 5524, 5530, 5545, 5555, 5556, 5568, 5582, 5599, 5602, 5618, 5981, 6074, 6098, 6112, 6134, 6143, 6151, 6547, 6617, 6629, 6637, 6648, 6653, 6662, 6698, 6702, 6767, 6894, 6939, 6944, 6952, 6971, 6993, 7031, 7088, 7094, 7185, 7201, 7207, 7211, 7291, 7305, 7390, 7394, 7407, 7463, 7514, 7535, 7556, 7581, 7657, 7796, 8053, 8083, 8096, 8171, 8687, 8699, 8710, 8775, 8787, 8790, 8809, 8810, 9073, 9079, 9086, 9149, 9163, 9423, 9803, 9808, 9825, 9833, 9886, 9953, 10074, 10086, 10138, 10160, 10249, 10256, 10262, 10269, 10276, 10281, 10290, 10321, 10338, 10344, 10349, 10355, 10363, 10387, 10489, 10799, 10998, 11015, 11032, 11047, 11066, 11107, 11150, 11451, 11475, 11480, 11488, 11513, 11533, 11541, 11572, 11585, 11593, 11606, 11613, 11628, 11637, 11644, 11679, 11742, 11795, 11804, 11811, 11849, 11854, 11875, 11893, 12138, 12331, 12341, 12523, 12575, 12601, 12625, 12630, 12661, 12669, 12677, 12686, 12707, 12734, 12740, 12742, 12750, 12786, 12793, 12803, 12814, 12866, 12876, 12887, 12893, 12919, 12932, 12957, 12970, 12983, 13013, 13018, 13023, 13041, 13051, 13054, 13072, 13129, 13347, 14023, 14032, 14042, 14071, 14080, 14087, 14245, 14315, 14325, 14382, 14385, 14406, 14431, 14906, 14916, 14925, 15006, 15011, 15015, 15020, 15024, 15028, 15058, 15068, 15073, 15084, 15102, 15102, 15109, 15119, 15158, 15169, 15174, 15178, 15182, 15189, 15206, 15207, 15209, 15213, 15223, 15231, 15249, 15293, 15318, 15321, 15341, 15399, 15412, 15414, 15451, 15586, 15666, 15737, 15917, 16023, 16234, 16242, 16250, 16269, 16292, 16300, 16307, 16343, 16390, 16570, 16656, 16666, 16780, 16867, 16892, 16895, 17195, 17308

24º - julião (159x)
Linhas: 304, 1049, 1282, 1380, 1438, 1438, 1505, 1720, 1731, 1737, 3799, 3801, 3811, 3824, 3849, 3859, 3878, 3891, 5167, 5224, 5260, 5281, 5293, 5303, 5340, 5362, 5378, 5412, 5416, 5423, 5434, 5448, 6288, 6290, 6293, 6408, 6425, 6425, 7817, 7852, 7871, 8180, 8206, 8242, 8251, 8290, 8301, 8321, 8326, 8328, 8348, 8816, 10389, 10391, 11979, 11997, 12043, 12102, 12124, 12143, 12162, 12227, 12247, 12259, 12296, 12307, 12322, 13385, 13437, 13491, 13494, 13559, 13571, 13620, 13626, 13640, 13672, 13711, 13750, 13839, 13893, 13976, 13982, 14020, 14233, 14239, 14252, 14321, 14322, 16402, 16412, 16456, 16463, 16470, 16514, 16561, 16570, 16601, 16607, 16711, 16916, 16926, 16955, 16967, 16971, 16982, 17017, 17048, 17093, 17139, 17143, 17277, 17349, 17418, 17423, 17486, 17556, 17561, 17653, 17655, 17685, 17695, 17714, 17724, 17733, 17769, 17775, 17782, 17784, 17816, 17857, 17892, 17909, 17913, 17924, 17938, 17948, 17987, 17992, 18014, 18019, 18069, 18079, 18101, 18107, 18111, 18138, 18142, 18164, 18171, 18184, 18185, 18203, 18278, 18285, 18296, 18313, 18467, 18662

25º - já (170x)
Linhas: 148, 260, 570, 611, 761, 824, 831, 960, 1094, 1096, 1277, 1282, 1408, 1446, 1705, 1712, 1921, 1934, 1953, 2098, 2117, 2305, 2489, 2599, 2603, 2654, 2654, 2976, 3013, 3079, 3107, 3177, 3359, 3489, 3494, 3609, 3792, 3820, 3824, 3973, 4065, 4376, 4518, 4520, 4547, 4582, 4938, 5103, 5117, 5157, 5366, 5366, 5499, 5873, 5984, 6043, 6073, 6152, 6192, 6256, 6257, 6280, 6697, 6800, 6817, 6935, 6935, 7089, 7277, 7621, 7705, 8004, 8066, 8093, 8112, 8314, 8408, 8493, 8518, 8660, 8955, 8958, 8960, 8983, 9160, 9332, 9388, 9623, 9896, 10069, 10107, 10133, 10181, 10249, 10287, 10294, 10322, 10332, 10332, 10347, 10805, 11072, 11366, 11558, 11620, 11643, 11643, 11656, 11716, 11717, 11742, 11746, 11751, 11785, 11809, 11838, 12072, 12125, 12126, 12137, 12334, 12334, 12459, 12655, 12677, 12866, 12953, 13024, 13727, 13894, 13987, 14020, 14272, 14290, 14305, 14348, 14421, 14535, 14640, 14869, 14954, 15020, 15252, 15269, 15277, 15406, 15621, 15731, 15742, 15805, 15824, 16095, 16297, 16430, 16576, 16577, 16719, 16724, 16757, 16762, 16810, 16880, 16941, 17060, 17307, 17327, 17374, 17889, 18046, 18221

26º - logo (242x)
Linhas: 388, 449, 477, 509, 648, 770, 847, 973, 999, 1091, 1330, 1399, 1595, 1609, 1657, 1674, 1751, 1861, 2027, 2041, 2049, 2128, 2135, 2178, 2207, 2398, 2484, 2797, 2926, 2942, 2992, 3132, 3149, 3181, 3231, 3234, 3362, 3481, 3683, 3799, 3844, 3956, 4086, 4095, 4247, 4255, 4375, 4565, 4722, 4909, 5150, 5155, 5155, 5159, 5213, 5254, 5327, 5351, 5370, 5553, 5626, 5646, 5733, 5750, 5872, 5981, 5988, 6003, 6046, 6147, 6166, 6170, 6185, 6200, 6246, 6334, 6375, 6423, 6652, 6956, 7100, 7209, 7300, 7305, 7347, 7444, 7455, 7459, 7474, 7514, 7601, 7610, 7617, 7639, 7669, 7678, 7690, 7769, 7826, 7830, 7859, 7942, 7950, 7963, 8114, 8359, 8467, 8525, 8555, 8562, 8576, 8598, 8704, 8706, 8708, 8730, 8837, 8847, 8965, 9074, 9147, 9159, 9429, 9477, 9538, 9556, 9576, 9584, 9604, 9640, 9683, 9764, 9822, 9929, 9970, 9975, 9982, 9987, 10012, 10091, 10112, 10155, 10276, 10344, 10349, 10377, 10423, 10679, 10745, 10760, 10807, 10821, 11132, 11177, 11456, 11587, 11817, 11845, 11907, 11944, 11972, 11996, 12044, 12091, 12216, 12300, 12387, 12618, 12625, 12734, 12820, 12888, 12957, 13041, 13072, 13347, 13385, 13408, 13437, 13469, 13472, 13481, 13501, 13522, 13670, 13767, 13910, 14054, 14062, 14090, 14143, 14162, 14356, 14419, 14472, 14651, 14756, 14916, 15063, 15115, 15172, 15191, 15309, 15520, 15636, 15646, 15880, 15920, 15949, 16050, 16097, 16131, 16235, 16328, 16576, 16602, 16788, 16809, 16892, 16922, 17037, 17390, 17431, 17503, 17541, 17553, 17594, 17641, 17714, 17724, 17733, 17819, 17857, 17866, 17880, 17911, 17987, 18056, 18386, 18455, 18476, 18486

27º - luiza (679x)
Linhas: 148, 195, 204, 218, 233, 315, 350, 562, 599, 618, 638, 644, 651, 656, 663, 683, 717, 745, 774, 779, 791, 831, 836, 852, 869, 882, 912, 914, 922, 959, 1047, 1074, 1082, 1099, 1111, 1127, 1175, 1184, 1187, 1330, 1467, 1532, 1542, 1585, 1662, 1672, 1685, 1698, 1718, 1743, 1789, 1823, 1841, 1951, 1976, 2103, 2117, 2125, 2161, 2172, 2184, 2228, 2236, 2340, 2356, 2373, 2374, 2387, 2398, 2477, 2483, 2505, 2987, 2991, 3002, 3098, 3117, 3161, 3193, 3199, 3200, 3209, 3214, 3219, 3232, 3235, 3242, 3250, 3290, 3314, 3357, 3367, 3404, 3408, 3451, 3494, 3496, 3500, 3514, 3522, 3531, 3569, 3588, 3624, 3637, 3660, 3678, 3690, 3693, 3709, 3715, 3720, 3744, 3753, 3758, 3808, 3816, 3844, 3866, 3878, 3899, 3908, 3935, 3945, 3956, 3977, 3999, 4010, 4082, 4093, 4109, 4116, 4126, 4177, 4203, 4223, 4267, 4294, 4310, 4352, 4360, 4432, 4593, 4601, 4621, 4645, 4734, 4770, 4792, 4873, 4898, 4916, 4930, 4931, 4958, 4995, 5016, 5074, 5223, 5541, 5553, 5691, 5732, 5743, 5903, 5930, 5941, 5981, 6004, 6032, 6079, 6145, 6152, 6186, 6251, 6260, 6320, 6362, 6370, 6466, 6469, 6494, 6510, 6523, 6542, 6578, 6596, 6605, 6617, 6629, 6661, 6677, 6691, 6702, 6716, 6728, 6747, 6772, 6791, 6804, 6830, 6856, 6873, 6878, 6892, 6912, 6927, 6963, 7027, 7041, 7072, 7104, 7113, 7185, 7196, 7238, 7241, 7245, 7249, 7262, 7322, 7412, 7439, 7450, 7463, 7483, 7488, 7492, 7505, 7511, 7524, 7546, 7554, 7570, 7586, 7610, 7619, 7635, 7649, 7665, 7697, 7705, 7709, 7719, 7736, 7743, 7776, 7820, 7963, 7993, 7996, 8008, 8042, 8053, 8057, 8100, 8111, 8174, 8194, 8209, 8219, 8356, 8385, 8390, 8486, 8493, 8520, 8535, 8545, 8555, 8571, 8575, 8580, 8583, 8599, 8630, 8638, 8643, 8668, 8700, 8808, 8815, 8833, 8843, 8875, 8879, 8884, 8890, 8902, 8916, 8920, 8933, 8949, 8999, 9062, 9069, 9081, 9247, 9280, 9318, 9343, 9358, 9364, 9386, 9420, 9440, 9443, 9445, 9462, 9513, 9524, 9542, 9548, 9601, 9620, 9642, 9653, 9669, 9672, 9699, 9703, 9736, 9744, 9748, 9787, 9801, 9825, 9847, 9854, 9863, 9896, 9909, 10094, 10104, 10108, 10335, 10358, 10397, 10401, 10439, 10464, 10469, 10473, 10483, 10565, 10609, 10625, 10642, 10745, 10798, 10828, 10833, 10846, 10874, 10880, 10901, 10935, 10945, 10982, 11002, 11008, 11029, 11043, 11065, 11080, 11097, 11107, 11114, 11131, 11157, 11203, 11217, 11228, 11236, 11248, 11255, 11263, 11268, 11272, 11284, 11305, 11320, 11370, 11378, 11470, 11479, 11486, 11499, 11501, 11541, 11590, 11606, 11624, 11632, 11637, 11643, 11648, 11654, 11663, 11675, 11683, 11797, 11801, 11807, 11817, 11825, 11866, 11870, 11887, 11948, 11956, 11979, 11990, 12010, 12014, 12086, 12103, 12109, 12149, 12197, 12208, 12212, 12239, 12264, 12277, 12309, 12318, 12320, 12323, 12325, 12334, 12337, 12346, 12377, 12436, 12455, 12465, 12471, 12480, 12490, 12498, 12525, 12532, 12554, 12560, 12565, 12585, 12593, 12596, 12618, 12641, 12647, 12654, 12674, 12683, 12688, 12696, 12717, 12725, 12729, 12778, 12878, 12888, 12896, 12916, 12921, 12926, 12935, 12938, 12956, 12960, 12975, 12985, 13023, 13035, 13044, 13069, 13074, 13083, 13098, 13116, 13127, 13144, 13154, 13162, 13164, 13173, 13185, 13195, 13204, 13222, 13235, 13239, 13262, 13270, 13354, 13987, 13996, 14004, 14090, 14098, 14104, 14123, 14132, 14142, 14211, 14227, 14258, 14264, 14269, 14275, 14315, 14373, 14382, 14386, 14457, 14532, 14545, 14556, 14591, 14607, 14612, 14622, 14625, 14635, 14638, 14652, 14724, 14731, 14756, 14769, 14777, 14784, 14793, 14802, 14815, 14823, 14834, 14853, 14859, 14877, 14892, 14919, 14925, 14930, 14937, 14953, 14965, 15000, 15004, 15006, 15011, 15020, 15041, 15045, 15063, 15071, 15080, 15106, 15111, 15137, 15148, 15156, 15161, 15172, 15187, 15201, 15215, 15228, 15233, 15239, 15249, 15256, 15333, 15346, 15353, 15363, 15395, 15408, 15412, 15421, 15440, 15447, 15578, 15596, 15615, 15625, 15633, 15638, 15654, 15661, 15671, 15706, 15731, 15748, 15775, 15813, 15847, 15907, 15916, 15927, 15936, 15948, 15962, 16005, 16018, 16039, 16081, 16107, 16327, 16408, 16563, 16580, 16616, 16626, 16634, 16644, 16647, 16674, 16678, 16692, 16709, 16850, 16855, 16862, 16870, 16886, 16894, 16921, 16948, 16950, 16954, 16963, 16969, 17003, 17005, 17009, 17014, 17021, 17027, 17154, 17162, 17185, 17327, 17339, 17360, 17368, 17418, 17431, 17434, 17462, 17498, 17537, 17550, 17595, 17607, 17622, 17649, 17706, 17711, 17814, 17846, 17851, 17860, 17945, 17958, 17984, 18019, 18045, 18069, 18096, 18123, 18134, 18139, 18190, 18364, 18437, 18525, 18643

28º - mais (315x)
Linhas: 213, 213, 398, 400, 585, 603, 714, 749, 750, 752, 782, 856, 874, 1070, 1080, 1163, 1163, 1194, 1438, 1446, 1480, 1621, 1756, 1995, 2029, 2034, 2064, 2151, 2161, 2161, 2167, 2276, 2366, 2385, 2425, 2494, 2540, 2540, 2572, 2615, 2615, 2652, 2696, 2767, 2772, 2834, 2834, 2893, 2895, 2911, 2938, 2986, 3175, 3200, 3296, 3455, 3562, 3582, 3740, 3946, 3963, 4015, 4015, 4024, 4031, 4038, 4100, 4142, 4443, 4583, 4583, 4592, 4725, 4735, 4776, 4790, 5215, 5319, 5680, 5821, 5844, 5861, 6086, 6139, 6141, 6406, 6534, 6602, 6610, 6748, 6754, 6921, 6930, 6973, 6973, 6978, 7064, 7162, 7244, 7250, 7259, 7260, 7281, 7281, 7296, 7297, 7386, 7426, 7433, 7575, 7615, 7675, 7836, 7910, 8056, 8066, 8100, 8133, 8194, 8242, 8356, 8456, 8509, 8626, 8646, 8646, 8769, 8790, 8794, 8909, 8921, 8955, 8955, 8982, 8982, 8983, 8986, 8986, 8991, 9044, 9127, 9185, 9225, 9250, 9364, 9391, 9434, 9521, 9533, 9562, 9577, 9660, 9817, 9827, 9831, 9864, 9894, 9946, 9974, 9975, 10052, 10079, 10108, 10109, 10169, 10210, 10328, 10328, 10394, 10481, 10645, 10661, 10668, 10690, 10790, 10921, 10949, 11017, 11103, 11211, 11211, 11258, 11259, 11326, 11338, 11427, 11431, 11491, 11554, 11663, 11694, 11740, 11788, 11828, 11843, 11953, 12168, 12335, 12374, 12484, 12484, 12610, 12675, 12747, 12787, 12847, 12871, 12906, 12921, 12958, 12999, 13007, 13202, 13286, 13300, 13326, 13374, 13401, 13415, 13422, 13439, 13455, 13475, 13601, 13636, 13682, 13682, 13708, 13764, 13793, 13895, 13895, 14038, 14120, 14130, 14151, 14267, 14299, 14398, 14473, 14522, 14526, 14719, 14762, 14766, 14995, 15057, 15082, 15192, 15197, 15258, 15342, 15355, 15364, 15465, 15575, 15621, 15638, 15723, 15782, 15865, 16067, 16085, 16195, 16332, 16374, 16440, 16480, 16549, 16550, 16624, 16636, 16636, 16661, 16682, 16734, 16816, 16828, 16881, 16933, 17018, 17070, 17168, 17243, 17268, 17366, 17415, 17418, 17430, 17434, 17467, 17467, 17513, 17590, 17591, 17594, 17623, 17657, 17667, 17720, 17741, 17795, 17834, 17958, 17961, 17973, 18037, 18199, 18199, 18204, 18251, 18258, 18424, 18551, 18552

29º - mas (545x)
Linhas: 164, 204, 305, 373, 401, 495, 541, 547, 567, 584, 678, 698, 757, 821, 907, 959, 1000, 1053, 1061, 1076, 1085, 1095, 1149, 1152, 1164, 1194, 1446, 1500, 1585, 1649, 1666, 1678, 1770, 1825, 1849, 1922, 1977, 1979, 1995, 2029, 2070, 2079, 2127, 2134, 2162, 2350, 2352, 2413, 2451, 2490, 2495, 2516, 2534, 2559, 2612, 2631, 2644, 2655, 2688, 2700, 2711, 2721, 2762, 2771, 2826, 2895, 2932, 2937, 2943, 2991, 3098, 3151, 3182, 3200, 3247, 3250, 3298, 3369, 3388, 3476, 3518, 3539, 3559, 3623, 3676, 3795, 3801, 3896, 3903, 3916, 3928, 3946, 3973, 4004, 4033, 4035, 4036, 4086, 4114, 4141, 4161, 4249, 4256, 4262, 4265, 4300, 4310, 4316, 4371, 4386, 4406, 4436, 4443, 4446, 4461, 4552, 4573, 4593, 4619, 4658, 4668, 4692, 4698, 4720, 4838, 4852, 4871, 4898, 4936, 5039, 5083, 5087, 5089, 5224, 5300, 5332, 5351, 5380, 5456, 5521, 5575, 5589, 5642, 5677, 5687, 5711, 5735, 5780, 5797, 5808, 5956, 5989, 5993, 5996, 6002, 6039, 6060, 6145, 6158, 6184, 6194, 6198, 6270, 6331, 6354, 6395, 6413, 6415, 6416, 6418, 6439, 6510, 6547, 6624, 6652, 6726, 6748, 6786, 6796, 6850, 6856, 6919, 6931, 6938, 6981, 7132, 7145, 7161, 7275, 7291, 7323, 7364, 7375, 7407, 7421, 7423, 7428, 7430, 7431, 7481, 7488, 7541, 7558, 7588, 7602, 7608, 7635, 7669, 7860, 7866, 7866, 7872, 7883, 7904, 7926, 7950, 8028, 8070, 8210, 8214, 8273, 8290, 8301, 8335, 8355, 8385, 8440, 8450, 8460, 8494, 8511, 8534, 8565, 8580, 8597, 8648, 8672, 8681, 8716, 8722, 8763, 8771, 8800, 8847, 8856, 8884, 8897, 8937, 9021, 9102, 9105, 9112, 9125, 9130, 9139, 9165, 9167, 9176, 9178, 9186, 9191, 9209, 9267, 9318, 9405, 9420, 9442, 9473, 9499, 9518, 9584, 9601, 9613, 9642, 9681, 9687, 9726, 9741, 9744, 9840, 9868, 9982, 9995, 10009, 10042, 10074, 10078, 10089, 10095, 10104, 10116, 10118, 10150, 10200, 10226, 10244, 10270, 10276, 10288, 10365, 10424, 10454, 10458, 10486, 10535, 10546, 10561, 10586, 10628, 10653, 10660, 10665, 10723, 10758, 10849, 10861, 10887, 10920, 10976, 11017, 11024, 11077, 11092, 11135, 11142, 11157, 11177, 11236, 11260, 11320, 11341, 11348, 11354, 11375, 11382, 11394, 11425, 11444, 11460, 11479, 11514, 11556, 11572, 11591, 11613, 11637, 11657, 11742, 11751, 11773, 11788, 11792, 11849, 11895, 11945, 12006, 12117, 12131, 12143, 12164, 12184, 12191, 12236, 12261, 12301, 12334, 12364, 12379, 12456, 12560, 12571, 12595, 12606, 12644, 12691, 12733, 12742, 12746, 12770, 12811, 12866, 12968, 12999, 13005, 13023, 13104, 13104, 13116, 13127, 13239, 13280, 13285, 13290, 13516, 13585, 13605, 13610, 13680, 13708, 13730, 13762, 13779, 13793, 13800, 13835, 13866, 13880, 13945, 13955, 14020, 14046, 14053, 14070, 14074, 14079, 14083, 14093, 14142, 14173, 14228, 14249, 14311, 14329, 14331, 14342, 14404, 14484, 14525, 14607, 14685, 14689, 14795, 14798, 14804, 14823, 14889, 14956, 14981, 14986, 14995, 15001, 15012, 15044, 15119, 15138, 15189, 15225, 15279, 15281, 15399, 15422, 15532, 15538, 15540, 15590, 15754, 15839, 15896, 15920, 15948, 15968, 15993, 16018, 16081, 16093, 16097, 16124, 16131, 16316, 16344, 16365, 16393, 16415, 16421, 16458, 16542, 16544, 16559, 16604, 16618, 16659, 16734, 16739, 16757, 16759, 16816, 16844, 16857, 16872, 16884, 16916, 17024, 17036, 17042, 17052, 17093, 17114, 17163, 17168, 17188, 17191, 17208, 17277, 17300, 17302, 17307, 17324, 17328, 17360, 17363, 17406, 17442, 17463, 17471, 17537, 17588, 17644, 17681, 17685, 17710, 17730, 17733, 17752, 17763, 17779, 17789, 17799, 17815, 17902, 17915, 17918, 17930, 17951, 17973, 18062, 18080, 18101, 18146, 18242, 18244, 18395, 18415, 18420, 18475, 18597

30º - minha (162x)
Linhas: 310, 312, 324, 480, 660, 933, 1171, 1214, 1278, 1285, 1288, 1441, 1485, 1501, 1522, 1527, 1583, 1620, 1632, 1767, 1816, 2032, 2703, 2794, 2865, 3277, 3372, 3429, 3439, 3491, 3567, 3939, 3983, 4871, 5267, 6037, 6255, 6270, 6291, 6326, 6388, 6480, 6794, 6797, 7119, 7120, 7188, 7247, 7256, 7311, 7410, 7518, 7528, 7548, 7564, 7575, 7583, 7756, 7800, 8059, 8279, 8542, 8549, 8664, 8692, 9027, 9041, 9213, 9291, 9332, 9425, 9492, 9502, 9582, 9587, 9609, 9616, 9649, 9810, 9877, 9974, 10044, 10258, 10525, 10773, 10844, 10943, 10966, 11052, 11077, 11083, 11110, 11121, 11158, 11266, 11276, 11362, 11424, 11484, 11495, 11500, 11543, 11558, 11609, 11615, 11628, 11652, 11746, 11813, 11814, 11856, 11862, 11877, 11878, 12172, 12225, 12547, 12571, 12577, 12589, 12627, 12657, 12748, 12903, 12941, 13098, 13114, 13142, 13150, 13383, 13776, 13822, 13948, 14170, 14313, 14512, 14592, 14728, 14758, 14764, 14959, 14978, 15014, 15193, 15376, 15381, 15381, 15392, 15518, 15529, 15604, 16003, 16045, 16339, 16749, 16828, 17064, 17065, 17690, 18343, 18359, 18408

31º - muito (600x)
Linhas: 133, 133, 153, 163, 167, 180, 186, 197, 204, 205, 233, 262, 263, 282, 313, 332, 340, 354, 394, 425, 449, 460, 461, 474, 478, 492, 496, 506, 517, 522, 537, 544, 546, 586, 594, 596, 599, 633, 638, 650, 650, 655, 679, 683, 693, 718, 721, 729, 737, 752, 791, 806, 907, 923, 931, 944, 953, 970, 1026, 1046, 1049, 1077, 1092, 1097, 1099, 1101, 1104, 1133, 1173, 1173, 1196, 1197, 1203, 1263, 1316, 1320, 1321, 1335, 1341, 1384, 1469, 1530, 1534, 1548, 1560, 1566, 1571, 1663, 1764, 1764, 1847, 1849, 1909, 1930, 1931, 2034, 2061, 2072, 2096, 2120, 2134, 2135, 2152, 2185, 2247, 2257, 2305, 2306, 2308, 2310, 2364, 2376, 2388, 2411, 2413, 2427, 2442, 2464, 2470, 2471, 2475, 2486, 2492, 2551, 2583, 2617, 2617, 2621, 2625, 2740, 2790, 2791, 2793, 2868, 2875, 2910, 2913, 2983, 3064, 3096, 3169, 3201, 3220, 3243, 3254, 3260, 3272, 3277, 3280, 3302, 3330, 3336, 3370, 3390, 3398, 3425, 3448, 3449, 3462, 3483, 3547, 3614, 3617, 3671, 3678, 3685, 3715, 3816, 3821, 3842, 3860, 3908, 3931, 3953, 3977, 4014, 4017, 4027, 4041, 4065, 4139, 4161, 4168, 4201, 4375, 4384, 4517, 4524, 4526, 4543, 4553, 4556, 4612, 4756, 4774, 4785, 4809, 4810, 4813, 4843, 4930, 4930, 4932, 4937, 4940, 4958, 4989, 5000, 5001, 5012, 5024, 5031, 5039, 5041, 5041, 5043, 5046, 5064, 5099, 5121, 5175, 5180, 5224, 5235, 5372, 5372, 5381, 5399, 5404, 5440, 5446, 5482, 5486, 5531, 5538, 5571, 5584, 5612, 5649, 5694, 5735, 5739, 5745, 5753, 5809, 5833, 5840, 5852, 5876, 5897, 5901, 5923, 5954, 5966, 5987, 6000, 6016, 6076, 6078, 6080, 6132, 6162, 6223, 6226, 6229, 6332, 6332, 6463, 6467, 6525, 6552, 6565, 6575, 6589, 6618, 6730, 6736, 6757, 6826, 6963, 7079, 7106, 7119, 7146, 7204, 7242, 7251, 7276, 7304, 7328, 7354, 7380, 7473, 7476, 7498, 7499, 7518, 7546, 7606, 7644, 7657, 7701, 7717, 7783, 7824, 7826, 7877, 7903, 7921, 7977, 7978, 7983, 7983, 7983, 8024, 8076, 8134, 8151, 8161, 8174, 8180, 8191, 8203, 8222, 8372, 8372, 8439, 8481, 8493, 8523, 8609, 8630, 8639, 8717, 8737, 8783, 8811, 8811, 8817, 8837, 8889, 8889, 8890, 8902, 8920, 8951, 8994, 9005, 9074, 9084, 9112, 9156, 9174, 9192, 9313, 9318, 9343, 9364, 9375, 9383, 9412, 9420, 9473, 9478, 9499, 9519, 9526, 9534, 9539, 9562, 9565, 9606, 9641, 9650, 9657, 9687, 9701, 9720, 9722, 9868, 9963, 9983, 10027, 10131, 10134, 10159, 10238, 10244, 10290, 10296, 10337, 10344, 10419, 10471, 10546, 10625, 10659, 10659, 10809, 10846, 10887, 10894, 11047, 11057, 11097, 11102, 11110, 11144, 11205, 11225, 11233, 11253, 11263, 11277, 11291, 11296, 11341, 11427, 11433, 11456, 11475, 11556, 11615, 11624, 11654, 11698, 11814, 11822, 11893, 11917, 11955, 11985, 12010, 12065, 12098, 12147, 12192, 12239, 12239, 12284, 12309, 12434, 12490, 12533, 12622, 12669, 12783, 12798, 12825, 12859, 12864, 12885, 12901, 12958, 13195, 13243, 13406, 13415, 13426, 13429, 13446, 13481, 13485, 13529, 13557, 13597, 13671, 13711, 13806, 13830, 13866, 13910, 13969, 13991, 14071, 14124, 14125, 14162, 14325, 14328, 14331, 14385, 14400, 14428, 14431, 14438, 14484, 14525, 14580, 14607, 14614, 14625, 14625, 14626, 14639, 14640, 14648, 14686, 14711, 14750, 14780, 14784, 14825, 14860, 14917, 14921, 14935, 14956, 15025, 15028, 15031, 15108, 15123, 15156, 15195, 15286, 15286, 15454, 15462, 15539, 15551, 15580, 15615, 15668, 15710, 15754, 15766, 15776, 15781, 15789, 15800, 15818, 15849, 15935, 15974, 16064, 16110, 16179, 16243, 16267, 16326, 16327, 16349, 16405, 16409, 16488, 16591, 16632, 16681, 16695, 16697, 16726, 16766, 16768, 16775, 16782, 16818, 16829, 16886, 16904, 16920, 16948, 16979, 16990, 17004, 17007, 17038, 17120, 17141, 17155, 17277, 17328, 17349, 17356, 17498, 17513, 17601, 17620, 17628, 17655, 17786, 17815, 17876, 17887, 17911, 17930, 17940, 18048, 18062, 18137, 18287, 18287, 18295, 18327, 18348, 18415, 18452, 18523, 18584, 18609

32º - n'um (169x)
Linhas: 141, 158, 367, 427, 444, 596, 1204, 1279, 1317, 1343, 1381, 1467, 1501, 1605, 1737, 1921, 2164, 2277, 2526, 2586, 2797, 2815, 3000, 3049, 3162, 3255, 3382, 3537, 3575, 3597, 3602, 3810, 4006, 4039, 4097, 4363, 4451, 4512, 4525, 4601, 4701, 4713, 4826, 4826, 4920, 4947, 5085, 5742, 5786, 5788, 6079, 6194, 6266, 6917, 6984, 7044, 7240, 7260, 7265, 7327, 7341, 7355, 7363, 7915, 7917, 7934, 7938, 7960, 8088, 8198, 8232, 8377, 8413, 8576, 8711, 8821, 8964, 9257, 9351, 9363, 9770, 9777, 9919, 10015, 10056, 10099, 10388, 10396, 10476, 10524, 10684, 10834, 11099, 11131, 11453, 11706, 11826, 11870, 12068, 12347, 12378, 12384, 12445, 12578, 12825, 12939, 12992, 13297, 13309, 13316, 13371, 13408, 13496, 13606, 13613, 13653, 14061, 14306, 14365, 14487, 14533, 14567, 14571, 14728, 14969, 15085, 15334, 15341, 15379, 15396, 15471, 15503, 15640, 15769, 15806, 15836, 15852, 15855, 15922, 15966, 16086, 16090, 16145, 16247, 16287, 16300, 16316, 16430, 16515, 16809, 16898, 16935, 16967, 16975, 17051, 17146, 17162, 17179, 17300, 17348, 17623, 17630, 17729, 17842, 17872, 18043, 18122, 18354, 18445

33º - n'uma (144x)
Linhas: 275, 275, 342, 351, 352, 355, 383, 434, 459, 509, 529, 557, 869, 899, 1059, 1062, 1140, 1183, 1336, 1986, 2117, 2285, 2524, 2797, 3063, 3065, 3083, 3090, 3295, 3400, 3503, 3557, 3590, 3680, 4464, 4537, 4539, 4540, 4699, 4719, 4931, 4945, 5087, 5087, 5101, 5437, 5481, 5712, 5888, 5955, 5966, 5992, 6294, 6305, 6444, 6488, 6694, 6921, 7046, 7266, 7300, 7301, 7407, 7608, 7913, 7972, 8065, 8081, 8461, 8529, 8715, 8719, 8724, 8962, 9182, 9368, 9983, 10089, 10191, 10487, 10496, 10794, 11043, 11051, 11068, 11116, 11382, 11415, 11520, 11699, 11795, 12083, 12225, 12233, 12350, 12383, 12535, 12623, 12779, 12812, 13001, 13313, 13378, 13419, 13426, 13617, 13794, 13971, 14060, 14195, 14228, 14385, 14440, 14517, 14520, 14532, 14539, 14656, 14760, 15043, 15292, 15448, 15768, 15850, 15876, 16115, 16344, 16577, 16653, 16702, 16763, 16949, 17004, 17097, 17130, 17170, 17256, 17409, 17830, 17967, 18063, 18338, 18364, 18465

34º - o (238x)
Linhas: 102, 193, 198, 229, 378, 553, 717, 1001, 1063, 1244, 1316, 1376, 1457, 1526, 1609, 1655, 1774, 1844, 1888, 1895, 2052, 2063, 2095, 2099, 2120, 2207, 2224, 2323, 2345, 2373, 2467, 2558, 2614, 2721, 2768, 2840, 3012, 3082, 3152, 3155, 3481, 3651, 3720, 4027, 4099, 4243, 4401, 4519, 4584, 4997, 4999, 5112, 5181, 5305, 5405, 5739, 5750, 5770, 5894, 6048, 6220, 6232, 6237, 6282, 6414, 6491, 6547, 6568, 6656, 6713, 6864, 6975, 6985, 7127, 7349, 7377, 7645, 7674, 7994, 8308, 8428, 8757, 8813, 8846, 8872, 9041, 9113, 9119, 9144, 9147, 9157, 9184, 9199, 9322, 9465, 9469, 9502, 9510, 9513, 9576, 9900, 10027, 10042, 10086, 10120, 10212, 10238, 10248, 10264, 10278, 10397, 10478, 10535, 10637, 10659, 10678, 10828, 10958, 11022, 11061, 11062, 11092, 11103, 11147, 11196, 11404, 11444, 11451, 11698, 11795, 11821, 11984, 12152, 12155, 12389, 12407, 12409, 12512, 12585, 12601, 12786, 12790, 12812, 12831, 13028, 13072, 13103, 13111, 13288, 13321, 13329, 13400, 13431, 13434, 13465, 13503, 13510, 13567, 13620, 13640, 13652, 13698, 13842, 13875, 13882, 13929, 13956, 13983, 14125, 14203, 14229, 14233, 14281, 14291, 14389, 14410, 14437, 14454, 14533, 14534, 14736, 14779, 14960, 14975, 15041, 15058, 15286, 15426, 15470, 15668, 15713, 15760, 15786, 15802, 15880, 15994, 16011, 16042, 16066, 16084, 16093, 16166, 16234, 16340, 16378, 16446, 16667, 16701, 16804, 16875, 16933, 16939, 17100, 17185, 17307, 17317, 17340, 17434, 17454, 17472, 17473, 17550, 17564, 17692, 17711, 17733, 17751, 17829, 17942, 18020, 18021, 18304, 18356, 18408, 18488, 18500, 18525, 18554

35º - olhos (174x)
Linhas: 153, 197, 274, 334, 380, 518, 522, 588, 595, 606, 634, 661, 749, 817, 989, 1096, 1139, 1147, 1177, 1311, 1374, 1570, 1575, 1781, 1908, 2050, 2163, 2296, 2533, 2559, 2570, 2925, 3117, 3161, 3209, 3326, 3404, 3451, 3453, 3497, 3690, 3792, 3866, 4116, 4125, 4155, 4205, 4243, 4250, 4294, 4328, 4654, 4792, 5098, 5184, 5496, 5522, 5712, 5755, 5829, 5876, 5887, 5897, 5927, 6060, 6185, 6602, 6672, 7003, 7085, 7152, 7236, 7289, 7465, 7498, 7723, 7968, 8202, 8325, 8586, 8640, 8729, 8775, 8954, 9022, 9035, 9253, 9339, 9443, 9470, 9490, 9825, 9854, 9879, 10098, 10433, 10460, 10517, 10834, 10935, 11132, 11518, 11601, 11701, 11843, 12023, 12197, 12247, 12357, 12367, 12392, 12396, 12401, 12707, 13116, 13168, 13262, 13810, 13818, 13954, 13970, 14124, 14177, 14227, 14376, 14587, 14769, 14826, 14860, 15126, 15214, 15236, 15436, 15459, 15462, 15469, 15481, 15491, 15507, 15539, 15732, 15962, 16101, 16120, 16148, 16196, 16386, 16390, 16438, 16653, 16727, 16897, 16949, 17005, 17085, 17134, 17240, 17301, 17332, 17353, 17398, 17614, 17642, 17686, 17719, 17739, 17895, 17940, 17952, 18035, 18046, 18094, 18122, 18241

36º - pela (158x)
Linhas: 197, 229, 279, 367, 395, 791, 964, 970, 1019, 1143, 1304, 1490, 1491, 1641, 1662, 1920, 1939, 2057, 2179, 2268, 2525, 2688, 2706, 2834, 2987, 3142, 3231, 3259, 3328, 3328, 3483, 3573, 3669, 3920, 4109, 4306, 4417, 4527, 4543, 4563, 4631, 4869, 4982, 5162, 5358, 5800, 5841, 5999, 6033, 6123, 6240, 6370, 6615, 6707, 6862, 7013, 7050, 7063, 7163, 7207, 7215, 7639, 7901, 7902, 8061, 8061, 8100, 8103, 8292, 8326, 8328, 8639, 8699, 8700, 8788, 8951, 8951, 9144, 9322, 9427, 9465, 9547, 10155, 10180, 10235, 10389, 10418, 10487, 10769, 10977, 11025, 11208, 11393, 11694, 11694, 11737, 11737, 11781, 12037, 12242, 12290, 12331, 12455, 12757, 12795, 12819, 12936, 13412, 13464, 13551, 13637, 13700, 13927, 13937, 14107, 14107, 14119, 14335, 14363, 14376, 14487, 14613, 14790, 14996, 15043, 15178, 15520, 15527, 15549, 16089, 16132, 16362, 16531, 16709, 16769, 16828, 16876, 16889, 16927, 16938, 17063, 17109, 17223, 17223, 17329, 17333, 17361, 17381, 17384, 17500, 17752, 17837, 17854, 17890, 18349, 18357, 18401, 18474

37º - pouco (150x)
Linhas: 112, 190, 294, 316, 360, 593, 605, 641, 642, 852, 1047, 1101, 1114, 1127, 1192, 1200, 1247, 1559, 1953, 2003, 2132, 2155, 2236, 2382, 2398, 2408, 2502, 2502, 2758, 3209, 3272, 3279, 3312, 3473, 3715, 3834, 3928, 4014, 4220, 4221, 4244, 4656, 4656, 5060, 5256, 5480, 5571, 5790, 5839, 5893, 5996, 6032, 6223, 6235, 6246, 6329, 6543, 6565, 6641, 6846, 6894, 7035, 7073, 7369, 7387, 7420, 7871, 7893, 7935, 8274, 8355, 8396, 8428, 8834, 8843, 8975, 8983, 9130, 9176, 9243, 9369, 9643, 9656, 10546, 10559, 10827, 10834, 10849, 10894, 10990, 11342, 11511, 11637, 11638, 11689, 11689, 11705, 11828, 11841, 11842, 11891, 11891, 11900, 12106, 12116, 12213, 12341, 12483, 12554, 12581, 12753, 12753, 12846, 12846, 12866, 12889, 13409, 13414, 13654, 13770, 13779, 14177, 14330, 14375, 14534, 14778, 14925, 15041, 15041, 15122, 15294, 15668, 15706, 15864, 15995, 16047, 16232, 16665, 16734, 16791, 17016, 17420, 17491, 17588, 17789, 17816, 18458, 18462, 18488, 18551

38º - pé (162x)
Linhas: 127, 279, 329, 354, 359, 518, 523, 722, 770, 1164, 1280, 1448, 1498, 1562, 1603, 1755, 1855, 1938, 1995, 2152, 2226, 2275, 2314, 2387, 2467, 2471, 2473, 2579, 2588, 2810, 3016, 3016, 3071, 3155, 3164, 3320, 3362, 3411, 3542, 3620, 3637, 3684, 3720, 3720, 3903, 4159, 4239, 4320, 4829, 4985, 5090, 5101, 5173, 5506, 5797, 5811, 5820, 5866, 6152, 6491, 6535, 6542, 6758, 6819, 6979, 7014, 7112, 7144, 7442, 7640, 7941, 7970, 7988, 8079, 8212, 8245, 8371, 8402, 8481, 8486, 8519, 8527, 8556, 8563, 8579, 9126, 9126, 9128, 9129, 9446, 9653, 9662, 10050, 10056, 10173, 10339, 10339, 10353, 10512, 10637, 10819, 10822, 10958, 11179, 11451, 11451, 11797, 11818, 11818, 11927, 11945, 11955, 12143, 12309, 12322, 12338, 12340, 12375, 12616, 12747, 13284, 13332, 13457, 13907, 13912, 13982, 13982, 14066, 14277, 14635, 15146, 15465, 15487, 15499, 15547, 15550, 15597, 15609, 15769, 15873, 16038, 16163, 16316, 16430, 16436, 16794, 17095, 17120, 17252, 17279, 17331, 17333, 17363, 17665, 17894, 18103, 18213, 18403, 18646, 18646, 18655, 18655

39º - quando (226x)
Linhas: 174, 189, 192, 385, 445, 471, 508, 515, 521, 534, 799, 1145, 1182, 1260, 1571, 1822, 2004, 2013, 2057, 2075, 2163, 2316, 2337, 2434, 2476, 2483, 2528, 2530, 2623, 2651, 2698, 2766, 2767, 2784, 2787, 2804, 2842, 2860, 2985, 3010, 3015, 3214, 3231, 3242, 3326, 3350, 3424, 3712, 3724, 3787, 3788, 3893, 4033, 4045, 4048, 4117, 4146, 4152, 4188, 4375, 4382, 4473, 4591, 4615, 4626, 4630, 4670, 4823, 4901, 4961, 5056, 5074, 5106, 5161, 5207, 5210, 5369, 5487, 5557, 5762, 5981, 5984, 5986, 6004, 6106, 6138, 6166, 6340, 6463, 6594, 6783, 6795, 6796, 6954, 7027, 7128, 7219, 7237, 7362, 7403, 7426, 7428, 7675, 7879, 8057, 8100, 8105, 8141, 8164, 8195, 8238, 8276, 8346, 8379, 8390, 8421, 8643, 8645, 8660, 8666, 8846, 8962, 9018, 9153, 9163, 9166, 9196, 9378, 9411, 9482, 9682, 9986, 10002, 10063, 10063, 10063, 10095, 10097, 10120, 10340, 10717, 10996, 11119, 11175, 11364, 11380, 11488, 11685, 11688, 11698, 11777, 11778, 12014, 12063, 12085, 12325, 12334, 12471, 12510, 12575, 12611, 12847, 12893, 12913, 12946, 13005, 13054, 13219, 13407, 13464, 13934, 13987, 14090, 14123, 14181, 14325, 14356, 14388, 14428, 14435, 14848, 15122, 15126, 15253, 15273, 15645, 15716, 15737, 15742, 15799, 15893, 15948, 16042, 16108, 16334, 16386, 16541, 16563, 16647, 16782, 16881, 16894, 16909, 16920, 16956, 17066, 17129, 17242, 17289, 17349, 17362, 17375, 17406, 17546, 17721, 17755, 17795, 17797, 17814, 17840, 17878, 18019, 18138, 18337, 18415, 18484

40º - quarto (166x)
Linhas: 190, 717, 718, 750, 821, 847, 926, 944, 1019, 1055, 1921, 2008, 2021, 2096, 2484, 2578, 2583, 2600, 2612, 2628, 2651, 2720, 2935, 2982, 3148, 3199, 3232, 3250, 3269, 3284, 3314, 3720, 4360, 4660, 4672, 4719, 4732, 4868, 6152, 6194, 6718, 6936, 6990, 7088, 7114, 7235, 7286, 7322, 7360, 7669, 7688, 7788, 7960, 8005, 8102, 8243, 8575, 8742, 8772, 9092, 9314, 9349, 9403, 9680, 9813, 9881, 9889, 9901, 9971, 9979, 10180, 10252, 10554, 10828, 10958, 10988, 11002, 11073, 11103, 11126, 11132, 11203, 11402, 11470, 11480, 11488, 11512, 11599, 11602, 11613, 11643, 11777, 11825, 11904, 11908, 11948, 12137, 12446, 12532, 12537, 12540, 12551, 12567, 12586, 12669, 12686, 12761, 12764, 12852, 12881, 12991, 13027, 13053, 13074, 13077, 13080, 13104, 13167, 13337, 13423, 13501, 13504, 13510, 13613, 14072, 14092, 14258, 14418, 14457, 14549, 14746, 14749, 14853, 14859, 15003, 15051, 15201, 15207, 15213, 15249, 15299, 15307, 15386, 15513, 15692, 16143, 16300, 16584, 16697, 16849, 16894, 17195, 17603, 17714, 17750, 17829, 17840, 17894, 17941, 17977, 18041, 18094, 18373, 18419, 18445, 18467

41º - que (167x)
Linhas: 294, 355, 550, 679, 701, 710, 935, 1075, 1082, 1199, 1254, 1420, 2029, 2474, 2922, 3496, 3578, 3772, 4044, 4246, 4542, 4585, 4621, 4681, 4713, 4727, 4798, 5140, 5310, 5319, 5399, 5404, 5512, 5538, 5557, 5785, 5833, 6068, 6290, 6387, 6483, 6590, 6591, 6610, 6614, 6751, 6884, 6971, 6981, 7091, 7365, 7375, 7589, 7615, 7673, 7693, 7876, 7902, 7910, 7919, 8033, 8197, 8221, 8235, 8316, 8369, 8410, 8513, 8595, 8668, 8674, 8970, 8979, 8983, 9021, 9094, 9097, 9122, 9188, 9670, 9788, 9974, 10045, 10152, 10163, 10169, 10234, 10392, 10483, 10489, 10491, 10529, 10554, 10679, 10766, 10851, 11021, 11083, 11148, 11365, 11405, 11457, 11458, 11511, 11532, 11563, 11664, 11833, 11849, 11972, 12061, 12118, 12129, 12537, 12747, 12922, 12960, 13013, 13201, 13497, 13537, 13664, 13696, 13794, 13800, 14001, 14004, 14042, 14093, 14365, 14404, 14472, 14517, 14526, 14799, 14962, 14992, 15084, 15192, 15262, 15265, 15294, 15440, 15887, 16089, 16282, 16355, 16401, 16458, 16866, 16880, 16984, 17042, 17172, 17180, 17312, 17328, 17429, 17591, 17636, 17834, 17887, 17973, 18430, 18561, 18592, 18610

42º - sebastião (299x)
Linhas: 198, 199, 209, 210, 1552, 1552, 1554, 1554, 1593, 1612, 1633, 1637, 1671, 1695, 1698, 1742, 1841, 1844, 1879, 1881, 1893, 1913, 3169, 3348, 3730, 3739, 3744, 3764, 3945, 4070, 4367, 4400, 4405, 4409, 4432, 4446, 4462, 4485, 4487, 4500, 4515, 4519, 4539, 4546, 4548, 4563, 4582, 4584, 4585, 4592, 4596, 4598, 4612, 4619, 4620, 4637, 4805, 4814, 4823, 4843, 4850, 4855, 4876, 4894, 4923, 5110, 5132, 5143, 5157, 5165, 5215, 5251, 5262, 5265, 5270, 5277, 5305, 5310, 5327, 5330, 5347, 5356, 5408, 5421, 5430, 5450, 5454, 5457, 5460, 5467, 5983, 5988, 6019, 6028, 6035, 6046, 6057, 6059, 6167, 6223, 6232, 6237, 6246, 6265, 6285, 6299, 6319, 6331, 6348, 6381, 6385, 6395, 6398, 6406, 6408, 6424, 7072, 7817, 7820, 7870, 7883, 7895, 7904, 8140, 8157, 8163, 8193, 8211, 8213, 8219, 8220, 8284, 8288, 8317, 8338, 8342, 8351, 8383, 8394, 8406, 8424, 8435, 8437, 8443, 8460, 8465, 8471, 8505, 8644, 8813, 9982, 9988, 10393, 11156, 11184, 11193, 11196, 11197, 11201, 11232, 11236, 11247, 11253, 11257, 11268, 11301, 11309, 11323, 11347, 11358, 11365, 11374, 11506, 11508, 11590, 11596, 11603, 11657, 11709, 11717, 11723, 11772, 11891, 13004, 13008, 13354, 13359, 13385, 13522, 13568, 13645, 13677, 13744, 14112, 14167, 14180, 14202, 14223, 14252, 15432, 15464, 15473, 15483, 15487, 15495, 15518, 15521, 15522, 15526, 15532, 15543, 15545, 15557, 15563, 15580, 15592, 15600, 15602, 15618, 15629, 15636, 15675, 16113, 16140, 16155, 16162, 16181, 16210, 16231, 16243, 16258, 16269, 16274, 16285, 16294, 16312, 16326, 16334, 16343, 16349, 16359, 16384, 16397, 16415, 16427, 16436, 16449, 16451, 16455, 16458, 16465, 16467, 16488, 16510, 16555, 16563, 16584, 16638, 16643, 16652, 16656, 16665, 16721, 16762, 16781, 16849, 16871, 16886, 16899, 17015, 17199, 17205, 17213, 17216, 17224, 17230, 17236, 17240, 17245, 17247, 17252, 17262, 17528, 17535, 17541, 17637, 17641, 17647, 17786, 17819, 17832, 17850, 17857, 18070, 18146, 18158, 18466, 18526, 18658

43º - senhora (197x)
Linhas: 162, 166, 759, 939, 1676, 1767, 1948, 2027, 2032, 2076, 2110, 2415, 2547, 2572, 2595, 2599, 2671, 2692, 2794, 2794, 2798, 2865, 2952, 3109, 3328, 3369, 3567, 3734, 3801, 4570, 4732, 5517, 5528, 5528, 5551, 5988, 6088, 6109, 6135, 6168, 6270, 6961, 6996, 7106, 7119, 7188, 7188, 7233, 7528, 7539, 7575, 7583, 7659, 7800, 7842, 8069, 8076, 8121, 8146, 8164, 8371, 8413, 8542, 8564, 8692, 8778, 8801, 9414, 9492, 9609, 9616, 9649, 9694, 9817, 9843, 9843, 9851, 9887, 9894, 9913, 9949, 9975, 10079, 10139, 10148, 10190, 10225, 10332, 10342, 10412, 10971, 11000, 11005, 11005, 11010, 11019, 11020, 11023, 11034, 11049, 11057, 11059, 11062, 11071, 11072, 11074, 11082, 11083, 11091, 11121, 11191, 11362, 11423, 11425, 11426, 11428, 11429, 11462, 11465, 11491, 11609, 11616, 11618, 11621, 11673, 11746, 11798, 11814, 11823, 11877, 11879, 11896, 12153, 12172, 12535, 12577, 12589, 12591, 12627, 12644, 12652, 12672, 12680, 12694, 12724, 13028, 13032, 13042, 13049, 13058, 13067, 13098, 13350, 14025, 14042, 14053, 14073, 14255, 14291, 14291, 14308, 14313, 14313, 14758, 14889, 15047, 15109, 15144, 15344, 15344, 15360, 15381, 15410, 15416, 15529, 15604, 15698, 15752, 15768, 16003, 16037, 16083, 16775, 16782, 16889, 17100, 18051, 18160, 18208, 18309, 18329, 18481, 18521, 18525, 18525, 18592, 18597

44º - tinha (448x)
Linhas: 114, 147, 161, 171, 199, 204, 212, 228, 251, 277, 292, 365, 416, 426, 429, 435, 508, 542, 544, 567, 575, 579, 579, 584, 588, 601, 602, 611, 619, 719, 778, 824, 825, 855, 859, 870, 959, 1001, 1001, 1052, 1061, 1067, 1081, 1087, 1092, 1147, 1154, 1196, 1205, 1317, 1332, 1560, 1569, 1818, 1841, 1905, 1975, 1978, 2012, 2062, 2106, 2135, 2149, 2155, 2163, 2198, 2226, 2266, 2270, 2280, 2305, 2348, 2361, 2362, 2373, 2406, 2491, 2529, 2531, 2536, 2628, 2635, 2645, 2651, 2671, 2672, 2724, 2734, 2767, 2773, 2782, 2803, 2809, 2845, 2845, 2852, 2871, 2888, 2938, 2976, 2983, 2986, 2997, 3000, 3005, 3007, 3008, 3012, 3034, 3079, 3117, 3183, 3209, 3254, 3270, 3281, 3287, 3329, 3404, 3415, 3431, 3452, 3465, 3477, 3504, 3553, 3607, 3624, 3634, 3651, 3720, 3734, 3881, 3897, 3903, 3958, 4000, 4004, 4013, 4027, 4068, 4086, 4109, 4137, 4152, 4162, 4168, 4262, 4277, 4315, 4316, 4371, 4383, 4395, 4448, 4463, 4500, 4515, 4520, 4524, 4546, 4548, 4592, 4607, 4627, 4638, 4726, 4728, 4795, 4805, 4820, 4872, 4931, 4943, 4956, 4958, 4958, 4988, 5002, 5050, 5083, 5110, 5300, 5421, 5538, 5545, 5589, 5664, 5713, 5770, 5816, 5821, 5846, 5903, 5912, 5986, 5990, 6011, 6043, 6224, 6249, 6275, 6373, 6409, 6427, 6431, 6441, 6450, 6468, 6545, 6568, 6584, 6624, 6661, 6691, 6772, 6927, 6929, 6973, 7031, 7085, 7091, 7095, 7249, 7262, 7262, 7267, 7284, 7295, 7337, 7412, 7431, 7602, 7730, 7790, 7827, 7990, 8012, 8061, 8064, 8102, 8112, 8129, 8140, 8175, 8202, 8222, 8235, 8356, 8388, 8513, 8555, 8565, 8579, 8590, 8609, 8618, 8660, 8680, 8687, 8714, 8722, 8734, 8757, 8765, 8807, 8844, 8847, 8956, 8989, 9074, 9075, 9081, 9163, 9181, 9253, 9342, 9370, 9388, 9403, 9462, 9533, 9536, 9537, 9739, 9793, 9815, 9913, 9951, 9970, 10017, 10052, 10057, 10060, 10092, 10104, 10143, 10262, 10284, 10402, 10424, 10455, 10627, 10628, 10637, 10649, 10663, 10987, 11015, 11023, 11023, 11135, 11148, 11190, 11207, 11333, 11368, 11394, 11442, 11457, 11462, 11506, 11562, 11587, 11590, 11594, 11757, 11887, 11895, 11955, 12237, 12361, 12465, 12466, 12471, 12542, 12578, 12581, 12610, 12622, 12718, 12741, 12814, 12817, 12829, 12839, 12867, 12868, 12873, 12929, 12938, 12963, 12970, 12984, 13039, 13351, 13406, 13571, 13656, 13756, 13875, 13992, 14005, 14048, 14085, 14098, 14113, 14164, 14234, 14258, 14363, 14379, 14411, 14441, 14457, 14562, 14607, 14645, 14692, 14765, 14772, 14845, 14869, 15006, 15016, 15028, 15035, 15043, 15051, 15102, 15263, 15263, 15277, 15621, 15633, 15712, 15716, 15719, 15789, 15887, 15985, 16005, 16087, 16103, 16233, 16256, 16584, 16616, 16680, 16697, 16716, 16737, 16747, 16844, 16873, 16889, 16930, 16931, 16963, 17017, 17045, 17172, 17188, 17207, 17304, 17348, 17360, 17368, 17453, 17462, 17474, 17546, 17587, 17702, 17736, 17741, 17746, 17755, 17790, 17810, 17850, 17915, 18332, 18361, 18494, 18593, 18596, 18601

45º - tão (172x)
Linhas: 151, 157, 215, 537, 738, 738, 779, 779, 1033, 1691, 1934, 1977, 2455, 2517, 3053, 3438, 3621, 3792, 4023, 4044, 4102, 4168, 4212, 4361, 4692, 4798, 4798, 4896, 4896, 5104, 5808, 5866, 5908, 5991, 6185, 6266, 6321, 6445, 6767, 6938, 6982, 7075, 7227, 7229, 7332, 7333, 7343, 7343, 7344, 7360, 7420, 7424, 7466, 7786, 7931, 7937, 7937, 7937, 7939, 7954, 8023, 8121, 8191, 8313, 8425, 8426, 8921, 8947, 8984, 9157, 9176, 9177, 9177, 9178, 9250, 9251, 9349, 9423, 9439, 9580, 9694, 9798, 9872, 9921, 9941, 10020, 10041, 10089, 10089, 10120, 10393, 10519, 10556, 10629, 10629, 10630, 10630, 10647, 11201, 11212, 11212, 11350, 11502, 11637, 11637, 11705, 11844, 12007, 12015, 12265, 12520, 12520, 12610, 12672, 12781, 12804, 12806, 12837, 12889, 12948, 12948, 13006, 13282, 13291, 13292, 13299, 13307, 13307, 13357, 13381, 13445, 13785, 13850, 13935, 13935, 13935, 14170, 14181, 14410, 14509, 14534, 14564, 14595, 14669, 14773, 14911, 14930, 15015, 15269, 15412, 15600, 15712, 15853, 16873, 16874, 16874, 16912, 16912, 16980, 17014, 17015, 17282, 17321, 17521, 17607, 17865, 17879, 18045, 18206, 18232, 18412, 18593

46º - voz (189x)
Linhas: 210, 282, 344, 782, 1013, 1072, 1185, 1298, 1386, 1407, 1471, 1478, 1548, 1685, 1698, 1717, 1756, 1877, 1948, 2025, 2187, 2242, 2336, 2388, 2547, 2620, 2684, 2841, 2843, 2911, 2946, 3098, 3132, 3153, 3210, 3338, 3487, 3547, 3675, 3681, 3891, 4095, 4119, 4130, 4130, 4152, 4268, 4277, 4289, 4314, 4473, 4655, 4674, 4833, 4882, 4988, 5024, 5141, 5386, 5402, 5421, 5434, 5442, 5470, 5560, 5577, 5721, 5791, 5798, 5860, 5864, 5960, 6237, 6275, 6286, 6321, 6504, 6528, 6539, 6623, 6927, 7035, 7117, 7186, 7245, 7407, 7437, 7606, 7807, 7995, 8033, 8329, 8595, 8610, 8682, 9243, 9447, 9454, 9547, 9587, 9703, 9749, 9764, 9834, 9844, 9866, 9874, 9903, 10074, 10185, 10340, 10541, 10828, 10910, 11015, 11067, 11089, 11287, 11475, 11517, 11531, 11622, 11849, 11866, 11974, 12044, 12096, 12119, 12278, 12341, 12370, 12402, 12438, 12443, 12593, 12670, 12725, 12831, 12946, 13257, 13347, 13457, 13494, 13567, 13711, 14050, 14216, 14311, 14431, 14580, 14593, 14731, 14739, 14750, 14930, 14981, 15025, 15065, 15318, 15325, 15399, 15646, 15698, 15844, 15887, 15889, 15921, 16097, 16331, 16336, 16360, 16458, 16570, 16653, 16927, 17106, 17129, 17139, 17449, 17535, 17646, 17677, 17814, 17861, 17972, 18197, 18212, 18221, 18232

47º - á (470x)
Linhas: 110, 115, 160, 192, 196, 207, 230, 259, 286, 292, 293, 329, 483, 498, 531, 534, 537, 566, 573, 741, 761, 799, 824, 842, 863, 874, 945, 981, 1043, 1058, 1080, 1152, 1157, 1193, 1194, 1244, 1259, 1262, 1279, 1298, 1327, 1480, 1548, 1649, 1723, 1823, 1825, 1919, 1989, 2014, 2041, 2045, 2056, 2152, 2446, 2487, 2497, 2544, 2547, 2555, 2585, 2613, 2626, 2631, 2638, 2644, 2654, 2671, 2837, 2872, 2877, 2922, 2924, 2962, 3006, 3013, 3090, 3140, 3152, 3154, 3155, 3155, 3181, 3184, 3190, 3222, 3253, 3260, 3271, 3279, 3280, 3298, 3326, 3333, 3401, 3424, 3448, 3451, 3621, 3638, 3770, 3777, 3783, 3880, 4059, 4227, 4381, 4405, 4543, 4607, 4620, 4673, 4687, 4694, 4712, 4737, 4776, 4852, 4902, 4909, 4914, 4918, 4926, 5013, 5089, 5100, 5140, 5260, 5353, 5366, 5462, 5625, 5649, 5687, 5718, 5742, 5886, 5981, 6007, 6060, 6166, 6209, 6257, 6528, 6566, 6706, 6718, 6724, 6772, 6823, 6838, 6936, 6994, 7028, 7049, 7057, 7064, 7091, 7110, 7185, 7191, 7194, 7194, 7204, 7220, 7257, 7302, 7377, 7393, 7442, 7469, 7533, 7645, 7657, 7670, 7729, 7787, 7824, 7892, 7921, 7931, 7942, 7985, 7986, 7987, 7994, 8029, 8073, 8079, 8171, 8173, 8186, 8222, 8225, 8277, 8359, 8381, 8390, 8411, 8422, 8424, 8505, 8525, 8525, 8543, 8584, 8711, 8730, 8796, 8848, 8904, 8959, 9213, 9280, 9367, 9403, 9494, 9537, 9569, 9606, 9683, 9699, 9754, 9763, 9782, 9791, 9855, 9949, 9954, 9987, 9987, 9989, 9989, 10014, 10107, 10119, 10121, 10259, 10278, 10313, 10318, 10328, 10340, 10353, 10353, 10382, 10386, 10422, 10476, 10647, 10760, 10792, 10828, 10881, 10945, 11024, 11055, 11087, 11193, 11247, 11266, 11424, 11453, 11458, 11470, 11479, 11620, 11655, 11656, 11663, 11725, 11732, 11777, 11817, 11879, 11888, 11911, 12119, 12140, 12212, 12252, 12329, 12338, 12360, 12459, 12535, 12632, 12675, 12709, 12723, 12737, 12755, 12775, 12788, 12847, 12859, 12912, 12930, 12932, 13058, 13075, 13077, 13108, 13253, 13262, 13316, 13336, 13339, 13422, 13466, 13511, 13554, 13740, 13813, 13938, 13950, 13954, 13963, 13967, 14119, 14158, 14167, 14192, 14233, 14251, 14252, 14262, 14271, 14281, 14324, 14325, 14373, 14387, 14428, 14454, 14547, 14675, 14719, 14746, 14749, 14852, 14877, 14904, 15025, 15038, 15052, 15058, 15099, 15105, 15115, 15146, 15174, 15195, 15213, 15276, 15286, 15289, 15333, 15399, 15431, 15432, 15436, 15440, 15671, 15671, 15675, 15692, 15696, 15727, 15758, 15761, 15784, 15805, 15835, 15837, 16048, 16082, 16086, 16087, 16127, 16133, 16135, 16160, 16217, 16266, 16270, 16280, 16290, 16292, 16297, 16307, 16320, 16343, 16365, 16400, 16455, 16482, 16559, 16573, 16590, 16609, 16643, 16647, 16700, 16711, 16728, 16739, 16791, 16811, 16855, 16892, 16894, 16901, 16901, 16931, 16931, 16939, 16951, 16955, 16992, 17003, 17027, 17053, 17092, 17100, 17103, 17111, 17125, 17139, 17179, 17199, 17252, 17354, 17381, 17382, 17384, 17385, 17419, 17426, 17442, 17505, 17616, 17632, 17683, 17755, 17786, 17788, 17797, 17811, 17828, 17837, 17879, 17885, 18014, 18026, 18160, 18218, 18235, 18266, 18299, 18305, 18377, 18381, 18426, 18439, 18479, 18484, 18558, 18568, 18623

48º - ás (164x)
Linhas: 175, 419, 529, 740, 766, 847, 1086, 1146, 1157, 1714, 1898, 2013, 2017, 2075, 2076, 2098, 2263, 2284, 2513, 2527, 2606, 2727, 2784, 2912, 2986, 3082, 3192, 3242, 3252, 3264, 3322, 3524, 3579, 3753, 3784, 3811, 3987, 4179, 4432, 4609, 4805, 5048, 5089, 5200, 5224, 5852, 6032, 6073, 6107, 6163, 6177, 6339, 6393, 6423, 6566, 6567, 6823, 6916, 6936, 7027, 7253, 7365, 7473, 7842, 7897, 7961, 8058, 8065, 8066, 8111, 8142, 8146, 8181, 8276, 8600, 8631, 8680, 8743, 8800, 8943, 9074, 9159, 9167, 9352, 9386, 9482, 9551, 9567, 10034, 10094, 10155, 10319, 10326, 10339, 10730, 10757, 10975, 11056, 11323, 11424, 11451, 11644, 11656, 11717, 11742, 11743, 11833, 11945, 12242, 12257, 12435, 12515, 12674, 12676, 12772, 12822, 12848, 12871, 12874, 12925, 12987, 13304, 13373, 13948, 13987, 14011, 14091, 14091, 14177, 14329, 14356, 14473, 14727, 14807, 15011, 15042, 15087, 15127, 15539, 15755, 15867, 16140, 16692, 16832, 16955, 16983, 16986, 17242, 17360, 17371, 17399, 17423, 17463, 17528, 17539, 17699, 17755, 17758, 17826, 18041, 18207, 18411, 18440, 18559

49º - é (516x)
Linhas: 230, 302, 305, 305, 324, 550, 588, 588, 660, 669, 676, 730, 734, 747, 784, 838, 879, 884, 884, 893, 907, 1033, 1033, 1127, 1223, 1235, 1335, 1357, 1394, 1406, 1408, 1451, 1461, 1495, 1639, 1642, 1658, 1658, 1662, 1663, 1672, 1674, 1680, 1688, 1722, 1859, 1871, 2029, 2066, 2084, 2115, 2342, 2352, 2394, 2415, 2630, 2823, 2903, 2904, 2904, 3009, 3074, 3190, 3535, 3535, 3609, 3772, 3773, 3788, 3797, 3906, 3912, 3987, 3995, 4019, 4036, 4070, 4070, 4189, 4193, 4237, 4256, 4264, 4417, 4418, 4570, 4617, 4617, 4617, 4663, 4663, 4742, 4755, 4856, 4856, 4868, 4870, 4878, 4878, 4936, 4936, 5138, 5150, 5213, 5262, 5263, 5305, 5327, 5345, 5358, 5358, 5372, 5374, 5438, 5496, 5599, 5642, 5656, 5656, 5656, 5660, 5671, 5694, 5698, 5768, 5827, 5833, 5838, 5839, 6109, 6114, 6114, 6115, 6118, 6119, 6123, 6138, 6173, 6255, 6278, 6355, 6373, 6377, 6480, 6587, 6627, 6627, 6724, 6767, 6775, 6794, 6795, 6796, 6821, 6827, 6827, 6828, 6828, 7075, 7130, 7421, 7423, 7481, 7486, 7494, 7528, 7561, 7563, 7566, 7573, 7608, 7613, 7615, 7615, 7617, 7645, 7646, 7667, 7677, 7715, 7760, 7781, 7842, 7862, 7880, 7983, 7983, 8069, 8070, 8076, 8118, 8132, 8133, 8143, 8147, 8153, 8181, 8191, 8191, 8280, 8280, 8296, 8304, 8450, 8475, 8496, 8496, 8516, 8523, 8676, 8802, 8846, 8847, 8870, 8888, 8889, 8893, 8926, 9020, 9021, 9041, 9094, 9137, 9165, 9213, 9215, 9225, 9245, 9278, 9320, 9360, 9361, 9519, 9609, 9616, 9690, 9719, 9822, 9963, 10059, 10120, 10128, 10128, 10152, 10169, 10170, 10180, 10197, 10200, 10201, 10206, 10206, 10236, 10259, 10288, 10296, 10302, 10420, 10424, 10441, 10449, 10450, 10466, 10467, 10474, 10479, 10480, 10532, 10537, 10539, 10551, 10552, 10567, 10592, 10604, 10605, 10615, 10702, 10730, 10738, 10738, 10741, 10766, 10773, 10777, 10787, 10806, 10897, 10897, 10898, 10920, 10921, 10921, 11008, 11022, 11049, 11056, 11073, 11076, 11084, 11084, 11214, 11239, 11257, 11258, 11265, 11265, 11297, 11299, 11358, 11380, 11382, 11429, 11448, 11555, 11556, 11563, 11564, 11580, 11581, 11595, 11685, 11760, 11804, 11820, 11823, 11878, 11879, 11957, 12032, 12107, 12117, 12132, 12147, 12153, 12154, 12156, 12191, 12192, 12195, 12200, 12205, 12229, 12251, 12273, 12287, 12302, 12405, 12493, 12571, 12577, 12680, 12745, 12780, 12790, 12862, 12903, 12910, 12932, 12941, 12946, 13033, 13098, 13103, 13104, 13119, 13171, 13175, 13245, 13350, 13383, 13470, 13513, 13557, 13567, 13585, 13600, 13607, 13629, 13630, 13640, 13653, 13684, 13730, 13735, 13740, 13784, 13803, 13814, 13815, 13825, 13841, 13850, 13887, 13895, 13896, 13918, 13921, 14025, 14030, 14030, 14058, 14058, 14076, 14165, 14186, 14225, 14247, 14266, 14292, 14329, 14329, 14331, 14340, 14342, 14342, 14342, 14499, 14501, 14502, 14512, 14518, 14518, 14542, 14617, 14659, 14670, 14685, 14727, 14736, 14928, 14928, 14941, 14983, 14985, 15068, 15073, 15120, 15171, 15178, 15283, 15355, 15359, 15416, 15457, 15515, 15518, 15522, 15604, 15622, 15641, 15709, 15709, 15786, 15887, 15894, 15970, 15970, 15970, 15989, 16108, 16191, 16258, 16269, 16269, 16274, 16276, 16276, 16282, 16366, 16405, 16423, 16446, 16624, 16758, 16799, 16829, 16860, 16912, 16965, 16989, 17071, 17139, 17213, 17289, 17357, 17435, 17437, 17445, 17473, 17513, 17515, 17539, 17612, 17771, 17928, 17928, 17928, 17931, 17995, 17996, 18037, 18067, 18142, 18142, 18250, 18270, 18370, 18398, 18408, 18412, 18420, 18422, 18509, 18561, 18598

50º - --que (141x)
Linhas: 220, 298, 398, 669, 747, 764, 813, 1179, 1426, 1536, 1722, 1875, 1911, 2023, 2205, 2380, 2459, 2508, 2648, 3102, 3111, 3203, 3365, 3413, 3429, 3516, 3732, 3734, 3814, 3889, 4048, 4275, 4772, 5006, 5026, 5066, 5134, 5501, 5519, 5694, 5748, 5758, 5978, 6041, 6170, 6404, 6458, 6580, 6723, 6781, 6789, 6807, 6904, 7001, 7018, 7414, 7633, 7690, 7772, 7842, 8031, 8040, 8286, 8303, 8404, 9094, 9221, 9293, 9303, 9316, 9320, 9395, 9488, 9530, 9589, 9796, 9812, 9821, 9849, 9851, 9905, 9911, 9961, 10437, 10551, 10576, 11008, 11045, 11116, 11448, 11669, 12186, 12462, 12680, 12711, 12861, 12968, 13119, 13146, 13148, 13204, 13231, 13490, 13902, 14025, 14036, 14103, 14160, 14190, 14213, 14262, 14275, 14358, 14482, 14505, 14654, 14752, 14839, 14913, 14932, 15089, 15368, 15405, 15457, 15912, 16512, 16907, 16938, 17124, 17139, 17218, 17539, 17556, 17611, 17667, 18126, 18276, 18319, 18444, 18523, 18621

