1º - a (84x)
Linhas: 27, 78, 94, 110, 173, 180, 189, 213, 285, 290, 355, 358, 373, 404, 420, 456, 582, 604, 607, 614, 617, 634, 643, 677, 683, 732, 751, 765, 818, 835, 847, 860, 871, 874, 884, 932, 942, 958, 981, 987, 993, 1058, 1091, 1101, 1160, 1211, 1307, 1308, 1327, 1333, 1361, 1443, 1448, 1501, 1584, 1597, 1601, 1627, 1637, 1654, 1718, 1800, 1808, 1830, 1833, 1842, 1887, 1985, 2000, 2025, 2033, 2050, 2059, 2122, 2186, 2188, 2191, 2222, 2229, 2256, 2261, 2316, 2358, 2380

2º - ainda (35x)
Linhas: 150, 240, 405, 490, 587, 894, 913, 1172, 1285, 1297, 1323, 1343, 1475, 1496, 1514, 1529, 1576, 1584, 1587, 1609, 1626, 1666, 1692, 1725, 1735, 1761, 1997, 2038, 2119, 2145, 2154, 2251, 2342, 2399, 2429

3º - as (33x)
Linhas: 215, 247, 292, 399, 484, 530, 872, 989, 1008, 1031, 1053, 1054, 1072, 1083, 1117, 1128, 1218, 1257, 1339, 1480, 1538, 1599, 1872, 1882, 1950, 1984, 2079, 2128, 2282, 2352, 2401, 2428, 2476

4º - assim (21x)
Linhas: 269, 318, 354, 405, 446, 537, 576, 684, 721, 892, 1183, 1576, 1609, 1683, 1717, 1990, 2123, 2269, 2320, 2374, 2389

5º - até (23x)
Linhas: 97, 173, 223, 265, 274, 319, 333, 404, 464, 614, 667, 978, 1150, 1163, 1302, 1502, 1680, 1681, 1687, 1700, 2033, 2051, 2384

6º - bem (21x)
Linhas: 138, 266, 738, 769, 856, 872, 941, 1257, 1330, 1378, 1379, 1451, 1584, 1619, 1620, 1783, 1834, 1876, 1899, 2157, 2446

7º - companhia (32x)
Linhas: 84, 117, 193, 202, 257, 261, 291, 317, 326, 367, 391, 420, 425, 500, 532, 583, 600, 605, 617, 647, 678, 694, 717, 783, 853, 860, 911, 942, 1006, 1271, 1331, 2019

8º - da (56x)
Linhas: 83, 159, 199, 225, 308, 406, 413, 419, 612, 676, 693, 716, 728, 760, 772, 803, 824, 832, 879, 896, 899, 910, 914, 921, 978, 984, 1009, 1067, 1173, 1196, 1267, 1318, 1489, 1543, 1544, 1569, 1619, 1680, 1690, 1764, 1768, 1853, 1892, 1935, 1963, 1986, 2105, 2115, 2131, 2176, 2237, 2238, 2264, 2376, 2459, 2472

9º - das (22x)
Linhas: 39, 594, 664, 755, 757, 815, 840, 881, 934, 953, 1045, 1099, 1303, 1493, 1663, 1683, 1723, 1818, 2187, 2221, 2290, 2307

10º - de (101x)
Linhas: 16, 86, 125, 135, 141, 155, 162, 174, 206, 217, 251, 252, 258, 265, 287, 338, 349, 359, 364, 371, 388, 427, 570, 635, 673, 678, 688, 738, 767, 773, 793, 799, 806, 831, 863, 864, 876, 890, 895, 971, 994, 1020, 1033, 1093, 1129, 1133, 1161, 1261, 1269, 1270, 1271, 1313, 1314, 1323, 1416, 1432, 1438, 1441, 1499, 1515, 1548, 1630, 1632, 1696, 1735, 1748, 1759, 1767, 1770, 1775, 1776, 1780, 1783, 1827, 1835, 1864, 1885, 1893, 1913, 1957, 1958, 2072, 2089, 2129, 2146, 2168, 2172, 2179, 2197, 2227, 2228, 2232, 2273, 2286, 2309, 2325, 2334, 2349, 2420, 2440, 2450

11º - do (42x)
Linhas: 95, 383, 394, 462, 465, 526, 605, 682, 699, 777, 980, 1052, 1065, 1088, 1136, 1147, 1166, 1193, 1206, 1290, 1388, 1472, 1547, 1556, 1565, 1583, 1596, 1639, 1651, 1719, 1728, 1763, 1843, 2038, 2073, 2082, 2112, 2114, 2167, 2217, 2474, 2489

12º - e (59x)
Linhas: 118, 256, 270, 271, 272, 288, 310, 324, 379, 382, 408, 479, 506, 589, 625, 639, 641, 646, 650, 700, 705, 759, 800, 814, 891, 917, 1015, 1026, 1104, 1442, 1537, 1542, 1570, 1612, 1613, 1647, 1653, 1686, 1712, 1724, 1726, 1756, 1813, 1851, 1860, 1874, 1894, 1917, 1970, 2017, 2066, 2127, 2321, 2332, 2338, 2362, 2375, 2390, 2446

13º - egreja (36x)
Linhas: 222, 284, 377, 454, 470, 561, 568, 581, 758, 811, 838, 892, 897, 919, 927, 928, 933, 934, 960, 985, 1010, 1066, 1068, 1102, 1125, 1415, 1451, 1639, 1928, 1952, 1970, 2008, 2014, 2046, 2049, 2112

14º - em (31x)
Linhas: 113, 156, 229, 333, 423, 512, 527, 537, 689, 704, 857, 992, 1036, 1111, 1132, 1159, 1165, 1224, 1229, 1251, 1469, 1646, 1905, 1921, 1943, 1953, 2019, 2250, 2317, 2368, 2464

15º - ensino (56x)
Linhas: 32, 68, 157, 163, 304, 309, 426, 447, 506, 667, 720, 1054, 1232, 1232, 1280, 1318, 1321, 1328, 1337, 1360, 1420, 1470, 1537, 1547, 1553, 1579, 1594, 1595, 1649, 1676, 1691, 1701, 1742, 1749, 1756, 1798, 1816, 1829, 1953, 2000, 2126, 2162, 2182, 2219, 2248, 2269, 2278, 2323, 2332, 2349, 2358, 2358, 2367, 2417, 2426, 2437

16º - entretanto (26x)
Linhas: 90, 99, 208, 387, 601, 657, 672, 789, 801, 835, 877, 906, 976, 1024, 1057, 1171, 1394, 1565, 1609, 1686, 1701, 1761, 2014, 2090, 2204, 2427

17º - era (36x)
Linhas: 122, 204, 225, 264, 268, 272, 312, 333, 350, 372, 379, 402, 479, 490, 492, 501, 549, 646, 665, 688, 754, 772, 789, 954, 1012, 1076, 1078, 1096, 1136, 1200, 1253, 1476, 1606, 1613, 1812, 2330

18º - escola (31x)
Linhas: 166, 304, 311, 328, 507, 818, 821, 827, 927, 1229, 1245, 1430, 1448, 1494, 1521, 1551, 1760, 1765, 1773, 1786, 1813, 1840, 1909, 1909, 2180, 2239, 2246, 2284, 2345, 2370, 2438

19º - espirito (33x)
Linhas: 84, 273, 327, 385, 402, 499, 574, 612, 815, 959, 977, 995, 1066, 1140, 1187, 1412, 1596, 1616, 1733, 1744, 1751, 1827, 1852, 1896, 2074, 2083, 2130, 2255, 2261, 2342, 2428, 2443, 2453

20º - estado (38x)
Linhas: 67, 538, 919, 960, 985, 1057, 1068, 1148, 1182, 1248, 1265, 1288, 1301, 1306, 1318, 1418, 1508, 1565, 1749, 1821, 1833, 1845, 1863, 1880, 1885, 1901, 1940, 1945, 2007, 2049, 2060, 2087, 2109, 2113, 2120, 2204, 2358, 2375

21º - foi (35x)
Linhas: 128, 136, 283, 395, 417, 421, 424, 473, 522, 523, 526, 642, 693, 703, 713, 769, 865, 866, 891, 894, 945, 1110, 1112, 1115, 1156, 1196, 1223, 1456, 1599, 1604, 1797, 2030, 2191, 2205, 2329

22º - jesuitas (42x)
Linhas: 4, 18, 63, 79, 149, 150, 174, 180, 264, 297, 307, 388, 422, 448, 455, 473, 476, 490, 508, 514, 546, 565, 587, 607, 637, 661, 672, 684, 700, 711, 735, 753, 760, 786, 893, 948, 1015, 1257, 1267, 1277, 1966, 2485

23º - já (30x)
Linhas: 34, 109, 168, 402, 449, 507, 560, 651, 727, 792, 954, 1162, 1214, 1327, 1440, 1465, 1477, 1606, 1631, 1714, 1759, 1813, 1855, 1894, 1903, 2059, 2164, 2180, 2368, 2368

24º - mais (116x)
Linhas: 78, 91, 184, 189, 199, 258, 278, 297, 297, 308, 326, 327, 337, 348, 425, 450, 484, 492, 492, 496, 498, 514, 559, 625, 633, 654, 679, 681, 706, 727, 738, 770, 782, 784, 882, 883, 884, 906, 912, 992, 993, 1007, 1008, 1008, 1029, 1079, 1092, 1096, 1114, 1128, 1172, 1173, 1173, 1206, 1214, 1281, 1372, 1385, 1392, 1407, 1431, 1487, 1488, 1489, 1501, 1520, 1521, 1537, 1537, 1543, 1601, 1604, 1620, 1661, 1681, 1703, 1800, 1814, 1828, 1834, 1843, 1851, 1867, 1874, 1874, 1888, 1954, 2008, 2045, 2055, 2109, 2122, 2124, 2147, 2155, 2204, 2213, 2214, 2215, 2226, 2233, 2236, 2236, 2236, 2237, 2253, 2263, 2279, 2279, 2290, 2318, 2327, 2371, 2437, 2446, 2459

25º - mas (36x)
Linhas: 157, 182, 304, 335, 349, 413, 425, 427, 523, 648, 707, 769, 782, 932, 1242, 1244, 1320, 1383, 1400, 1438, 1513, 1680, 1696, 1851, 1970, 1979, 2087, 2100, 2112, 2146, 2216, 2320, 2384, 2396, 2446, 2456

26º - mesmo (26x)
Linhas: 94, 164, 214, 221, 320, 354, 463, 537, 812, 910, 1083, 1237, 1245, 1264, 1308, 1325, 1335, 1404, 1477, 1585, 1827, 2058, 2089, 2261, 2370, 2420

27º - missão (26x)
Linhas: 113, 122, 145, 151, 209, 294, 447, 460, 502, 552, 559, 760, 958, 1130, 1211, 1301, 1451, 1652, 1863, 2109, 2170, 2254, 2423, 2443, 2462, 2469

28º - moral (42x)
Linhas: 93, 138, 336, 347, 673, 674, 693, 719, 893, 1211, 1238, 1306, 1408, 1420, 1434, 1439, 1440, 1444, 1580, 1628, 1690, 1731, 1757, 1769, 1783, 1843, 1874, 1966, 1983, 2076, 2127, 2148, 2160, 2228, 2232, 2262, 2271, 2343, 2401, 2413, 2438, 2452

29º - nem (23x)
Linhas: 27, 251, 374, 450, 769, 770, 778, 791, 1048, 1278, 1333, 1520, 1676, 1949, 2025, 2034, 2175, 2241, 2241, 2409, 2409, 2410, 2411

30º - o (52x)
Linhas: 152, 239, 304, 336, 417, 425, 450, 464, 492, 556, 581, 697, 710, 844, 859, 972, 996, 1049, 1063, 1112, 1116, 1158, 1265, 1293, 1362, 1412, 1502, 1508, 1509, 1518, 1523, 1559, 1571, 1582, 1671, 1681, 1698, 1959, 1973, 1997, 2011, 2041, 2092, 2101, 2161, 2218, 2269, 2292, 2318, 2331, 2336, 2466

31º - obra (26x)
Linhas: 174, 290, 330, 604, 832, 866, 900, 902, 925, 976, 1009, 1237, 1566, 1712, 1819, 1845, 1958, 1961, 1995, 2014, 2121, 2145, 2164, 2444, 2449, 2491

32º - ordem (38x)
Linhas: 62, 75, 139, 157, 171, 176, 194, 203, 348, 354, 384, 402, 407, 423, 443, 454, 510, 522, 526, 557, 614, 648, 674, 683, 688, 719, 752, 806, 847, 857, 872, 891, 945, 971, 1118, 1268, 1864, 1949

33º - os (46x)
Linhas: 17, 33, 84, 111, 129, 147, 232, 273, 277, 296, 485, 563, 621, 721, 743, 794, 936, 1013, 1014, 1018, 1057, 1219, 1249, 1364, 1516, 1541, 1552, 1587, 1617, 1703, 1713, 1891, 1922, 1923, 1930, 2029, 2150, 2212, 2249, 2339, 2355, 2371, 2391, 2414, 2418, 2465

34º - pois (30x)
Linhas: 221, 359, 374, 519, 537, 732, 813, 818, 929, 948, 1063, 1337, 1424, 1476, 1547, 1592, 1644, 1702, 1745, 1813, 1915, 1963, 1973, 2048, 2126, 2157, 2252, 2303, 2316, 2420

35º - pêla (59x)
Linhas: 130, 157, 239, 317, 326, 344, 359, 363, 364, 378, 491, 560, 574, 576, 640, 647, 658, 688, 783, 815, 891, 957, 1150, 1201, 1205, 1207, 1223, 1238, 1278, 1401, 1413, 1416, 1470, 1499, 1615, 1686, 1687, 1706, 1751, 1761, 1764, 1871, 1952, 1992, 1993, 2019, 2030, 2049, 2112, 2147, 2147, 2186, 2214, 2232, 2262, 2289, 2291, 2370, 2470

36º - pêlo (46x)
Linhas: 129, 162, 201, 300, 345, 411, 592, 629, 639, 720, 766, 836, 857, 871, 893, 899, 943, 943, 1074, 1087, 1097, 1180, 1198, 1211, 1340, 1456, 1468, 1469, 1471, 1518, 1615, 1679, 1751, 1751, 1845, 1855, 1991, 2035, 2036, 2106, 2159, 2197, 2281, 2306, 2340, 2343

37º - quanto (30x)
Linhas: 29, 115, 238, 340, 378, 856, 933, 960, 1020, 1104, 1104, 1110, 1129, 1197, 1248, 1373, 1520, 1521, 1536, 1538, 1616, 1667, 1698, 1902, 1915, 2063, 2109, 2222, 2330, 2361

38º - que (33x)
Linhas: 49, 194, 203, 209, 297, 327, 441, 499, 596, 902, 906, 1153, 1176, 1192, 1238, 1343, 1391, 1395, 1470, 1474, 1485, 1586, 1622, 1699, 1738, 1909, 1974, 1994, 2034, 2155, 2442, 2462, 2471

39º - ser (23x)
Linhas: 17, 293, 583, 710, 786, 1029, 1271, 1480, 1574, 1676, 1701, 1746, 1836, 1914, 1983, 2112, 2174, 2251, 2293, 2408, 2419, 2426, 2432

40º - só (23x)
Linhas: 231, 333, 368, 372, 392, 440, 627, 760, 791, 859, 907, 933, 1057, 1118, 1366, 1700, 1886, 1941, 1963, 1966, 2001, 2451, 2456

41º - sôbre (47x)
Linhas: 17, 79, 85, 242, 254, 255, 296, 319, 472, 474, 697, 722, 756, 871, 895, 916, 995, 1092, 1219, 1277, 1339, 1452, 1462, 1584, 1617, 1718, 1733, 1848, 1853, 1854, 1856, 1921, 1931, 2011, 2012, 2025, 2179, 2212, 2269, 2307, 2426, 2427, 2466, 2478, 2485, 2486, 2490

42º - taes (26x)
Linhas: 217, 325, 437, 457, 479, 595, 739, 791, 874, 903, 1441, 1486, 1489, 1495, 1525, 1558, 1622, 1679, 1683, 1686, 1742, 1873, 1906, 2226, 2318, 2432

43º - tal (33x)
Linhas: 88, 158, 228, 272, 437, 502, 653, 716, 754, 760, 785, 907, 1025, 1057, 1128, 1145, 1153, 1270, 1290, 1327, 1529, 1555, 1595, 1599, 1611, 1689, 1700, 1711, 1820, 2063, 2274, 2335, 2403

44º - todas (27x)
Linhas: 79, 133, 162, 176, 404, 647, 743, 745, 745, 756, 924, 939, 995, 1569, 1762, 1897, 1988, 2090, 2095, 2103, 2119, 2123, 2191, 2272, 2441, 2457, 2463

45º - todos (48x)
Linhas: 42, 132, 424, 433, 520, 524, 531, 794, 854, 865, 936, 1018, 1080, 1106, 1112, 1165, 1307, 1314, 1434, 1458, 1537, 1591, 1617, 1667, 1682, 1692, 1713, 1727, 1736, 1737, 1757, 1759, 1777, 1786, 1798, 1835, 1868, 1957, 2020, 2088, 2130, 2229, 2234, 2274, 2387, 2458, 2469, 2486

46º - vida (37x)
Linhas: 46, 308, 330, 440, 494, 499, 611, 617, 725, 746, 832, 915, 990, 1049, 1104, 1208, 1215, 1216, 1216, 1299, 1309, 1423, 1435, 1601, 1674, 1701, 1706, 1707, 1733, 1854, 2070, 2101, 2106, 2107, 2205, 2458, 2479

47º - á (110x)
Linhas: 20, 24, 87, 100, 106, 139, 145, 151, 179, 194, 202, 239, 270, 308, 340, 345, 362, 377, 385, 415, 425, 432, 433, 446, 450, 480, 605, 648, 650, 662, 663, 674, 691, 697, 699, 759, 785, 798, 807, 831, 832, 832, 838, 848, 882, 904, 932, 934, 1021, 1090, 1104, 1110, 1114, 1120, 1122, 1137, 1196, 1228, 1245, 1286, 1363, 1383, 1396, 1424, 1451, 1468, 1472, 1508, 1508, 1509, 1536, 1596, 1612, 1630, 1644, 1658, 1682, 1704, 1712, 1801, 1812, 1820, 1848, 1933, 1935, 1937, 1968, 1994, 2005, 2015, 2051, 2059, 2101, 2104, 2104, 2105, 2120, 2169, 2172, 2173, 2195, 2264, 2275, 2284, 2294, 2332, 2365, 2403, 2440, 2475

48º - ás (49x)
Linhas: 226, 229, 238, 284, 286, 324, 386, 462, 716, 718, 810, 824, 836, 869, 916, 994, 1018, 1030, 1099, 1147, 1162, 1320, 1332, 1389, 1408, 1410, 1412, 1442, 1461, 1539, 1626, 1667, 1668, 1710, 1735, 1743, 1839, 1846, 1898, 1968, 2021, 2060, 2063, 2089, 2162, 2187, 2266, 2306, 2446

49º - é (60x)
Linhas: 157, 324, 379, 596, 611, 621, 749, 758, 765, 792, 925, 960, 1032, 1038, 1053, 1268, 1290, 1301, 1334, 1346, 1367, 1523, 1556, 1570, 1579, 1586, 1592, 1626, 1628, 1671, 1674, 1722, 1731, 1823, 1852, 1855, 1880, 1912, 1948, 2048, 2058, 2063, 2091, 2109, 2156, 2164, 2174, 2175, 2236, 2239, 2278, 2292, 2298, 2303, 2319, 2320, 2358, 2358, 2358, 2438

50º - sociedade (21x)
Linhas: 200, 432, 492, 622, 628, 708, 776, 863, 868, 1046, 1338, 1374, 1663, 1668, 1831, 1903, 1948, 1952, 1973, 2032, 2050

