1º - --não (98x)
Linhas: 206, 415, 560, 574, 859, 943, 1035, 1166, 1184, 1188, 1216, 1280, 1288, 1550, 1624, 1652, 1702, 1744, 1955, 1967, 1994, 1998, 2111, 2378, 2380, 2400, 2410, 2625, 2669, 2682, 2737, 2748, 2756, 2758, 2774, 2838, 2951, 2954, 3007, 3020, 3085, 3109, 3177, 3206, 3208, 3214, 3404, 3456, 3736, 4002, 4027, 4245, 4309, 4371, 4430, 4451, 4857, 4991, 5151, 5182, 5209, 5507, 5554, 5691, 5702, 5732, 5739, 5747, 5903, 5981, 5994, 6008, 6223, 6316, 6442, 6503, 6541, 6642, 6680, 6739, 6741, 6877, 6961, 7141, 7149, 7163, 7213, 7243, 7547, 8064, 8085, 8090, 8128, 8263, 8267, 8316, 8339, 8346

2º - a (197x)
Linhas: 114, 116, 140, 202, 324, 325, 455, 532, 539, 547, 586, 632, 685, 784, 821, 867, 916, 984, 1030, 1066, 1067, 1075, 1092, 1093, 1105, 1106, 1143, 1263, 1368, 1374, 1441, 1463, 1488, 1491, 1492, 1560, 1572, 1668, 1841, 1906, 1948, 1960, 1990, 1995, 2103, 2187, 2229, 2286, 2338, 2417, 2518, 2525, 2556, 2568, 2600, 2657, 2660, 2719, 2791, 2843, 3039, 3068, 3092, 3120, 3185, 3189, 3190, 3238, 3274, 3309, 3398, 3460, 3615, 3658, 3665, 3671, 3710, 3807, 3817, 3824, 3844, 3861, 3867, 3915, 4014, 4030, 4078, 4162, 4163, 4263, 4297, 4342, 4353, 4389, 4392, 4403, 4545, 4596, 4686, 4725, 4727, 4738, 4767, 4844, 4860, 5004, 5015, 5044, 5085, 5153, 5302, 5304, 5310, 5312, 5320, 5326, 5335, 5443, 5489, 5579, 5580, 5592, 5616, 5629, 5631, 5752, 5756, 5826, 5862, 5915, 6036, 6082, 6127, 6151, 6199, 6412, 6416, 6532, 6573, 6605, 6620, 6632, 6656, 6680, 6730, 6755, 6804, 6874, 6942, 6996, 7007, 7041, 7048, 7137, 7175, 7260, 7266, 7267, 7273, 7331, 7333, 7434, 7488, 7572, 7595, 7607, 7608, 7635, 7636, 7660, 7667, 7730, 7760, 7792, 7801, 7814, 7844, 7864, 7866, 7908, 7919, 7946, 7966, 7973, 8001, 8005, 8007, 8056, 8233, 8243, 8329, 8331, 8351, 8370, 8476, 8562, 8569

3º - agora (128x)
Linhas: 104, 124, 165, 188, 433, 504, 572, 761, 764, 775, 830, 832, 870, 984, 989, 1143, 1240, 1280, 1365, 1374, 1475, 1970, 2030, 2306, 2431, 2471, 2502, 2509, 2523, 2527, 2538, 2565, 2720, 2807, 2969, 3122, 3161, 3195, 3375, 3466, 3522, 3552, 3611, 3633, 3637, 3680, 3776, 3827, 3865, 3883, 3901, 3920, 3988, 4029, 4088, 4093, 4105, 4108, 4221, 4318, 4365, 4404, 4443, 4481, 4485, 4627, 4670, 4717, 4775, 4829, 4833, 5001, 5011, 5100, 5115, 5223, 5266, 5275, 5303, 5444, 5522, 5550, 5554, 5593, 5597, 5700, 5702, 5752, 5783, 6041, 6121, 6133, 6167, 6181, 6204, 6219, 6347, 6359, 6377, 6395, 6458, 6536, 6705, 6836, 6848, 6889, 6959, 7022, 7119, 7205, 7272, 7294, 7316, 7577, 7607, 7619, 7634, 7702, 7771, 7821, 7864, 7896, 8117, 8195, 8210, 8267, 8377, 8562

4º - ainda (126x)
Linhas: 165, 242, 305, 418, 454, 465, 477, 520, 522, 566, 731, 893, 966, 1117, 1332, 1425, 1438, 1447, 1468, 1504, 1662, 1693, 1702, 1707, 1725, 1753, 1909, 2030, 2034, 2114, 2190, 2204, 2210, 2240, 2244, 2306, 2470, 2502, 2902, 2965, 3275, 3328, 3443, 3468, 3576, 3605, 3611, 3633, 3708, 3755, 3899, 3909, 3968, 3989, 4088, 4093, 4116, 4127, 4214, 4266, 4295, 4348, 4416, 4459, 4499, 4502, 4545, 4614, 4661, 4662, 4718, 4729, 5001, 5016, 5247, 5269, 5327, 5481, 5565, 5604, 5654, 5700, 5714, 5720, 5726, 5840, 5842, 5963, 5971, 6071, 6111, 6167, 6251, 6428, 6571, 6586, 6652, 6699, 6720, 6721, 6750, 6752, 6836, 6854, 6936, 6979, 6995, 7173, 7182, 7184, 7203, 7237, 7287, 7297, 7578, 7639, 7704, 7758, 7760, 7918, 7973, 8008, 8125, 8407, 8444, 8518

5º - assim (137x)
Linhas: 79, 120, 251, 460, 523, 581, 679, 754, 765, 770, 914, 952, 970, 1028, 1061, 1254, 1312, 1364, 1496, 1606, 1658, 1909, 1926, 1957, 1958, 2034, 2121, 2138, 2161, 2234, 2284, 2404, 2427, 2454, 2500, 2645, 2790, 2820, 2925, 3124, 3160, 3214, 3362, 3394, 3466, 3576, 3605, 3619, 3625, 3823, 3834, 3888, 3889, 3898, 3974, 4089, 4151, 4206, 4276, 4333, 4390, 4416, 4433, 4433, 4596, 4614, 4725, 4739, 4969, 5000, 5071, 5114, 5238, 5369, 5443, 5631, 5645, 5655, 5659, 5754, 5784, 5787, 5795, 5930, 6022, 6044, 6071, 6100, 6175, 6233, 6291, 6310, 6432, 6549, 6636, 6721, 6727, 6753, 6763, 6801, 6859, 6878, 6896, 7072, 7084, 7125, 7138, 7186, 7232, 7267, 7317, 7342, 7420, 7505, 7571, 7639, 7660, 7674, 7728, 7739, 7754, 7755, 7756, 7778, 7805, 7831, 7994, 8008, 8018, 8108, 8235, 8280, 8335, 8362, 8426, 8453, 8479

6º - capitú (295x)
Linhas: 216, 677, 735, 735, 741, 746, 757, 779, 816, 820, 833, 880, 899, 935, 936, 945, 956, 968, 972, 988, 1126, 1127, 1134, 1139, 1148, 1156, 1171, 1199, 1203, 1209, 1224, 1249, 1255, 1280, 1309, 1340, 1485, 1488, 1503, 1605, 1779, 1817, 1952, 1957, 1990, 2001, 2006, 2006, 2011, 2019, 2024, 2026, 2043, 2049, 2061, 2081, 2092, 2124, 2138, 2147, 2186, 2224, 2225, 2237, 2239, 2253, 2265, 2279, 2297, 2323, 2445, 2449, 2459, 2487, 2501, 2523, 2528, 2535, 2544, 2556, 2566, 2573, 2593, 2595, 2599, 2659, 2664, 2679, 2695, 2790, 2794, 2799, 2861, 2863, 2875, 2877, 2882, 2890, 2893, 2894, 2902, 2933, 2940, 2941, 2943, 2954, 2967, 2969, 2985, 3022, 3072, 3130, 3133, 3147, 3177, 3191, 3219, 3231, 3251, 3319, 3334, 3410, 3615, 3638, 4078, 4095, 4109, 4119, 4127, 4160, 4167, 4170, 4237, 4270, 4274, 4297, 4303, 4304, 4307, 4318, 4320, 4341, 4342, 4344, 4347, 4352, 4453, 4559, 4581, 4667, 4669, 4725, 4741, 4742, 4742, 4749, 4769, 4775, 4801, 4809, 4824, 4832, 4886, 4972, 4979, 5076, 5099, 5101, 5116, 5124, 5146, 5156, 5179, 5204, 5206, 5215, 5219, 5227, 5231, 5249, 5287, 5351, 5620, 5891, 5925, 5928, 5929, 5940, 5953, 5970, 6077, 6091, 6093, 6096, 6212, 6233, 6270, 6298, 6323, 6371, 6394, 6405, 6416, 6445, 6480, 6486, 6496, 6520, 6536, 6561, 6563, 6585, 6589, 6619, 6626, 6637, 6639, 6736, 6754, 6762, 6795, 6807, 6875, 6888, 6905, 6927, 6937, 6938, 6949, 6964, 6987, 7044, 7083, 7131, 7137, 7141, 7154, 7210, 7257, 7312, 7329, 7368, 7399, 7414, 7461, 7463, 7467, 7470, 7572, 7583, 7633, 7635, 7652, 7659, 7672, 7682, 7719, 7723, 7750, 7754, 7758, 7761, 7771, 7773, 7776, 7818, 7831, 7836, 7862, 7955, 7974, 8017, 8071, 8073, 8075, 8082, 8092, 8102, 8109, 8138, 8146, 8164, 8183, 8187, 8200, 8221, 8234, 8237, 8330, 8331, 8463, 8565, 8571, 8629, 8725

7º - casa (152x)
Linhas: 81, 107, 110, 120, 182, 196, 278, 311, 318, 381, 388, 449, 462, 465, 500, 638, 666, 672, 675, 769, 794, 952, 973, 983, 991, 1006, 1012, 1029, 1044, 1063, 1161, 1172, 1178, 1282, 1325, 1328, 1340, 1426, 1563, 1609, 1676, 1799, 1822, 1826, 1942, 2036, 2444, 2449, 2494, 2575, 2709, 2806, 2863, 2878, 2937, 2938, 2945, 3034, 3152, 3191, 3270, 3352, 3376, 3391, 3399, 3548, 3749, 3870, 3911, 4054, 4119, 4129, 4195, 4234, 4250, 4253, 4260, 4282, 4337, 4393, 4401, 4443, 4561, 4564, 4591, 4648, 4768, 4889, 4979, 4985, 5101, 5116, 5175, 5224, 5256, 5303, 5334, 5346, 5350, 5480, 5493, 5707, 5730, 5733, 5926, 6140, 6194, 6463, 6618, 6620, 6805, 6958, 7011, 7172, 7182, 7186, 7205, 7291, 7308, 7319, 7394, 7422, 7432, 7449, 7490, 7559, 7582, 7585, 7595, 7603, 7612, 7686, 7798, 7801, 7814, 7843, 7845, 7868, 7890, 7908, 7920, 7924, 7971, 8006, 8200, 8300, 8365, 8369, 8373, 8384, 8396, 8480

8º - de (159x)
Linhas: 110, 115, 203, 230, 258, 283, 347, 395, 444, 460, 465, 488, 727, 737, 752, 771, 813, 868, 911, 991, 1026, 1027, 1179, 1188, 1326, 1378, 1384, 1410, 1487, 1496, 1522, 1629, 1640, 1684, 1722, 1839, 1851, 1852, 1871, 1930, 1974, 2037, 2141, 2255, 2277, 2278, 2293, 2299, 2452, 2508, 2522, 2631, 2753, 2793, 2818, 2823, 2899, 2971, 2989, 3154, 3214, 3289, 3333, 3334, 3339, 3453, 3542, 3561, 3576, 3661, 3732, 3828, 3906, 3945, 4087, 4089, 4234, 4289, 4304, 4336, 4422, 4460, 4475, 4594, 4642, 4731, 4746, 4839, 4929, 4978, 4985, 5003, 5047, 5049, 5075, 5133, 5160, 5249, 5363, 5407, 5498, 5757, 5870, 5977, 6050, 6053, 6081, 6187, 6191, 6226, 6227, 6263, 6291, 6299, 6342, 6377, 6427, 6529, 6562, 6579, 6688, 6689, 6780, 6909, 6948, 7045, 7056, 7059, 7075, 7153, 7216, 7294, 7314, 7526, 7547, 7575, 7576, 7577, 7581, 7720, 7727, 7822, 7830, 7915, 7920, 7978, 7998, 8108, 8149, 8162, 8179, 8303, 8333, 8366, 8408, 8437, 8454, 8521, 8571

9º - depois (137x)
Linhas: 155, 194, 228, 341, 396, 487, 524, 539, 638, 639, 738, 758, 912, 1210, 1240, 1250, 1310, 1329, 1622, 1629, 1739, 1886, 1892, 2018, 2077, 2205, 2227, 2389, 2448, 2452, 2500, 2516, 2662, 2752, 2768, 2779, 2800, 2808, 2812, 2869, 2882, 3031, 3049, 3107, 3144, 3146, 3177, 3286, 3338, 3490, 3501, 3542, 3576, 3605, 3626, 3636, 3744, 3915, 3974, 4048, 4060, 4079, 4096, 4117, 4155, 4260, 4437, 4454, 4519, 4530, 4543, 4561, 4601, 4614, 4629, 4635, 4657, 4746, 4746, 4823, 4838, 4843, 4894, 5001, 5010, 5254, 5289, 5436, 5459, 5554, 5565, 5572, 5665, 5751, 5756, 5879, 5971, 6020, 6036, 6080, 6097, 6203, 6254, 6264, 6331, 6371, 6375, 6419, 6544, 6576, 6576, 6667, 6730, 6906, 7127, 7185, 7320, 7543, 7551, 7704, 7737, 7739, 7758, 7797, 7800, 7964, 7969, 8018, 8116, 8139, 8165, 8240, 8285, 8406, 8497, 8509, 8657

10º - dia (99x)
Linhas: 75, 109, 306, 321, 341, 618, 756, 757, 1018, 1050, 1308, 1315, 1475, 1535, 1547, 1617, 1998, 2019, 2027, 2043, 2078, 2622, 2723, 2863, 3386, 3397, 3470, 3484, 3500, 3502, 3510, 3708, 3901, 4294, 4354, 4355, 4502, 4599, 4615, 4644, 4653, 4889, 5048, 5064, 5091, 5269, 5365, 5438, 5457, 5470, 5480, 5573, 5581, 5595, 5644, 5792, 5869, 6272, 6296, 6345, 6376, 6384, 6409, 6422, 6529, 6780, 6784, 6798, 6877, 6928, 6996, 7012, 7084, 7145, 7238, 7269, 7570, 7618, 7663, 7674, 7719, 7816, 7842, 7890, 7891, 7903, 7914, 7921, 7962, 7964, 8203, 8211, 8244, 8396, 8480, 8491, 8519, 8520, 8721

11º - dias (161x)
Linhas: 82, 194, 214, 222, 265, 276, 308, 323, 366, 369, 386, 764, 775, 951, 981, 1026, 1045, 1063, 1091, 1175, 1298, 1309, 1433, 1441, 1455, 1497, 1519, 1550, 1560, 1621, 1641, 1650, 1660, 1671, 1694, 1717, 1778, 1794, 1881, 1890, 1894, 1902, 1909, 1916, 1964, 1995, 2039, 2050, 2056, 2095, 2114, 2152, 2311, 2389, 2603, 2609, 2631, 2783, 2799, 2806, 2901, 2986, 3254, 3305, 3394, 3442, 3453, 3472, 3773, 3801, 3850, 3934, 3945, 3946, 3959, 3973, 3988, 4048, 4052, 4095, 4125, 4194, 4266, 4282, 4287, 4296, 4299, 4366, 4395, 4419, 4436, 4439, 4602, 4612, 4635, 4650, 4759, 4760, 4767, 4771, 4777, 4788, 4894, 4979, 5055, 5224, 5535, 5663, 5675, 5682, 5854, 5940, 6049, 6075, 6094, 6111, 6139, 6152, 6156, 6180, 6180, 6293, 6309, 6330, 6342, 6359, 6377, 6590, 6637, 6886, 7078, 7080, 7099, 7124, 7173, 7207, 7302, 7318, 7425, 7432, 7484, 7489, 7497, 7511, 7551, 7558, 7577, 7640, 7647, 7659, 7818, 7968, 7998, 8204, 8253, 8311, 8325, 8353, 8373, 8465, 8475

12º - disse (112x)
Linhas: 68, 196, 660, 947, 1014, 1036, 1128, 1134, 1193, 1222, 1301, 1337, 1353, 1363, 1403, 1488, 1617, 1629, 1722, 1877, 1896, 1898, 1964, 1995, 2008, 2008, 2396, 2428, 2487, 2607, 2667, 2804, 2964, 3063, 3095, 3109, 3185, 3234, 3305, 3309, 3456, 3576, 3811, 3816, 3985, 4197, 4243, 4276, 4309, 4454, 4603, 4606, 4634, 4661, 4674, 4749, 4894, 4951, 4967, 5204, 5209, 5232, 5334, 5348, 5460, 5501, 5531, 5656, 5680, 5698, 5710, 5758, 5943, 6008, 6017, 6025, 6153, 6200, 6233, 6307, 6458, 6510, 6516, 6653, 6736, 6800, 6888, 6903, 6931, 6993, 7024, 7059, 7149, 7249, 7398, 7488, 7558, 7640, 7727, 8082, 8085, 8122, 8137, 8181, 8191, 8300, 8312, 8339, 8367, 8407, 8472, 8493

13º - e (170x)
Linhas: 60, 61, 133, 147, 181, 285, 332, 358, 433, 454, 466, 499, 518, 526, 543, 566, 716, 761, 845, 869, 878, 881, 905, 914, 990, 1052, 1076, 1137, 1409, 1414, 1563, 1618, 1686, 1744, 1746, 1821, 1946, 1969, 1998, 2004, 2138, 2155, 2235, 2304, 2309, 2389, 2429, 2500, 2783, 2807, 2819, 2912, 2935, 2952, 3004, 3095, 3150, 3162, 3239, 3354, 3357, 3365, 3385, 3422, 3518, 3559, 3589, 3602, 3640, 3654, 3676, 3751, 3752, 3757, 3805, 3825, 3934, 3935, 3996, 4112, 4125, 4222, 4236, 4262, 4281, 4301, 4344, 4396, 4438, 4487, 4498, 4547, 4550, 4551, 4626, 4688, 4692, 4777, 4833, 4965, 5038, 5060, 5102, 5132, 5145, 5212, 5257, 5397, 5399, 5467, 5530, 5582, 5832, 5909, 6071, 6076, 6111, 6153, 6156, 6204, 6250, 6293, 6310, 6318, 6419, 6569, 6630, 6633, 6637, 6657, 6720, 6733, 6862, 6906, 6957, 7108, 7179, 7187, 7313, 7334, 7345, 7431, 7527, 7569, 7611, 7676, 7732, 7794, 7799, 7824, 7890, 7893, 7916, 7939, 7948, 7961, 7992, 8082, 8107, 8139, 8188, 8203, 8219, 8256, 8378, 8384, 8412, 8415, 8452, 8575

14º - ella (166x)
Linhas: 120, 262, 380, 409, 478, 488, 558, 677, 682, 749, 754, 836, 855, 877, 879, 894, 899, 974, 1154, 1188, 1202, 1206, 1220, 1237, 1450, 1468, 1471, 1471, 1474, 1497, 1498, 1596, 1653, 1654, 1708, 1830, 2032, 2062, 2189, 2227, 2235, 2242, 2256, 2271, 2284, 2312, 2449, 2455, 2456, 2472, 2509, 2515, 2575, 2663, 2667, 2669, 2737, 2779, 2789, 2804, 2826, 2889, 2923, 2972, 3036, 3063, 3075, 3095, 3105, 3144, 3145, 3149, 3228, 3234, 3331, 3341, 3658, 3737, 3743, 3797, 3813, 4008, 4012, 4012, 4086, 4095, 4103, 4110, 4211, 4278, 4309, 4341, 4447, 4456, 4596, 4650, 4684, 4699, 4853, 4980, 5004, 5033, 5039, 5053, 5082, 5115, 5214, 5237, 5266, 5371, 5386, 5401, 5418, 5665, 5943, 5988, 6094, 6140, 6189, 6199, 6227, 6228, 6307, 6326, 6418, 6482, 6539, 6561, 6617, 6754, 6759, 6839, 6877, 6940, 6941, 6961, 6993, 7044, 7056, 7060, 7068, 7089, 7135, 7146, 7197, 7248, 7268, 7270, 7271, 7654, 7730, 7759, 7765, 7873, 7895, 7908, 7955, 7974, 8077, 8077, 8079, 8098, 8184, 8242, 8475, 8569

15º - elle (203x)
Linhas: 65, 210, 320, 340, 341, 349, 355, 368, 395, 404, 428, 519, 548, 604, 608, 616, 641, 778, 948, 1032, 1070, 1076, 1094, 1179, 1189, 1191, 1265, 1278, 1280, 1285, 1298, 1445, 1446, 1473, 1565, 1568, 1591, 1602, 1603, 1608, 1611, 1612, 1613, 1617, 1625, 1652, 1719, 1722, 1744, 1843, 1921, 1925, 1931, 1941, 1995, 2051, 2105, 2127, 2128, 2130, 2349, 2352, 2422, 2465, 2493, 2607, 2623, 2658, 3309, 3380, 3456, 3469, 3522, 3575, 3599, 3609, 3708, 3716, 3724, 3726, 3746, 3747, 3816, 3940, 3955, 3996, 3998, 4080, 4152, 4160, 4163, 4167, 4243, 4326, 4381, 4437, 4491, 4517, 4618, 4635, 4660, 4661, 4742, 4845, 4848, 4876, 4895, 4910, 4918, 4953, 5013, 5143, 5153, 5174, 5232, 5260, 5281, 5285, 5399, 5495, 5504, 5525, 5547, 5548, 5554, 5565, 5602, 5617, 5620, 5653, 5656, 5747, 5749, 5752, 5767, 5769, 5771, 5778, 5793, 5797, 5808, 5876, 5923, 5926, 5994, 5996, 6025, 6077, 6082, 6084, 6086, 6090, 6097, 6122, 6133, 6510, 6535, 6615, 6626, 6654, 6683, 6705, 6768, 6769, 6782, 6787, 6791, 6853, 6856, 6862, 6958, 6989, 7040, 7044, 7048, 7090, 7101, 7105, 7144, 7187, 7283, 7598, 7602, 7621, 7673, 7759, 7760, 7869, 7875, 7997, 8012, 8217, 8256, 8313, 8329, 8332, 8335, 8339, 8441, 8462, 8482, 8498, 8514

16º - era (502x)
Linhas: 62, 121, 128, 157, 182, 185, 194, 276, 283, 299, 305, 311, 324, 331, 351, 362, 368, 381, 385, 387, 391, 392, 429, 444, 450, 454, 466, 471, 487, 550, 621, 663, 673, 676, 678, 679, 684, 728, 731, 733, 740, 762, 767, 770, 775, 807, 814, 817, 821, 830, 845, 907, 909, 935, 946, 948, 950, 952, 987, 988, 989, 991, 1004, 1005, 1007, 1014, 1027, 1053, 1064, 1079, 1092, 1128, 1128, 1140, 1170, 1188, 1199, 1202, 1205, 1206, 1263, 1264, 1265, 1301, 1307, 1325, 1337, 1352, 1353, 1358, 1365, 1367, 1374, 1376, 1386, 1408, 1459, 1468, 1494, 1494, 1504, 1521, 1575, 1602, 1602, 1618, 1640, 1641, 1668, 1700, 1763, 1795, 1801, 1827, 1843, 1871, 1874, 1885, 1889, 1912, 1914, 1927, 1942, 1944, 1951, 1961, 1962, 1969, 1971, 2003, 2006, 2007, 2011, 2029, 2030, 2033, 2080, 2092, 2103, 2137, 2139, 2141, 2189, 2199, 2227, 2253, 2270, 2287, 2306, 2323, 2329, 2352, 2354, 2355, 2367, 2368, 2392, 2395, 2403, 2415, 2423, 2424, 2425, 2427, 2427, 2443, 2461, 2469, 2498, 2498, 2499, 2501, 2507, 2533, 2535, 2537, 2541, 2571, 2642, 2654, 2715, 2782, 2789, 2797, 2812, 2828, 2833, 2852, 2874, 2875, 2892, 2971, 3025, 3031, 3038, 3039, 3067, 3163, 3164, 3164, 3165, 3238, 3238, 3240, 3242, 3252, 3303, 3307, 3324, 3332, 3364, 3410, 3443, 3444, 3469, 3490, 3560, 3560, 3592, 3605, 3615, 3630, 3633, 3638, 3655, 3671, 3708, 3710, 3722, 3731, 3733, 3734, 3755, 3755, 3824, 3826, 3850, 3865, 3949, 3976, 3996, 4076, 4078, 4094, 4103, 4106, 4126, 4165, 4166, 4219, 4249, 4292, 4323, 4325, 4328, 4335, 4340, 4390, 4422, 4449, 4457, 4516, 4519, 4520, 4520, 4546, 4559, 4562, 4563, 4573, 4576, 4599, 4613, 4614, 4632, 4638, 4641, 4649, 4652, 4659, 4667, 4671, 4712, 4714, 4722, 4729, 4730, 4738, 4744, 4747, 4762, 4811, 4837, 4845, 4846, 4861, 4888, 4895, 4957, 4959, 4963, 4965, 4969, 5005, 5007, 5009, 5027, 5029, 5046, 5063, 5064, 5082, 5099, 5100, 5104, 5214, 5221, 5223, 5227, 5233, 5235, 5255, 5256, 5257, 5274, 5277, 5286, 5287, 5303, 5309, 5309, 5318, 5324, 5334, 5346, 5368, 5371, 5372, 5377, 5385, 5386, 5388, 5396, 5404, 5411, 5415, 5416, 5417, 5433, 5433, 5435, 5459, 5468, 5496, 5532, 5533, 5537, 5543, 5582, 5602, 5604, 5655, 5666, 5768, 5771, 5773, 5793, 5796, 5818, 5826, 5871, 5894, 5930, 6003, 6048, 6067, 6081, 6167, 6193, 6227, 6250, 6262, 6273, 6290, 6363, 6365, 6383, 6395, 6406, 6412, 6420, 6422, 6458, 6484, 6489, 6585, 6606, 6612, 6626, 6672, 6687, 6689, 6699, 6700, 6793, 6795, 6809, 6850, 6873, 6878, 6889, 6889, 6890, 6896, 6938, 6942, 6959, 6967, 7053, 7061, 7074, 7077, 7105, 7154, 7188, 7203, 7235, 7261, 7286, 7331, 7343, 7344, 7374, 7382, 7394, 7463, 7484, 7501, 7504, 7505, 7507, 7565, 7570, 7578, 7604, 7634, 7640, 7654, 7658, 7664, 7666, 7668, 7727, 7729, 7758, 7795, 7803, 7812, 7842, 7866, 7891, 7905, 7910, 7924, 7954, 7956, 7967, 7968, 7974, 7991, 7993, 8006, 8018, 8076, 8079, 8107, 8114, 8125, 8161, 8166, 8178, 8179, 8180, 8288, 8296, 8301, 8335, 8375, 8380, 8384, 8414, 8418, 8419, 8419, 8424, 8424, 8425, 8455, 8468, 8479, 8494, 8518

17º - eram (92x)
Linhas: 333, 459, 602, 653, 737, 745, 750, 754, 757, 852, 1153, 1250, 1329, 1387, 1520, 1528, 2012, 2031, 2043, 2095, 2140, 2314, 2315, 2429, 2471, 2506, 2656, 2665, 2676, 3339, 3340, 3520, 3620, 3656, 3705, 3740, 3767, 3823, 3828, 3874, 3899, 3998, 4634, 5057, 5234, 5523, 5550, 5686, 5725, 5775, 5795, 5814, 5891, 6054, 6054, 6295, 6323, 6344, 6414, 6426, 6427, 6428, 6429, 6446, 6464, 6498, 6629, 6729, 6768, 6816, 6957, 7084, 7329, 7421, 7510, 7570, 7584, 7618, 7682, 7761, 7791, 7808, 7821, 7942, 8191, 8238, 8243, 8258, 8416, 8417, 8490, 8492

18º - escobar (94x)
Linhas: 3713, 3734, 3741, 3748, 3757, 3900, 4235, 4599, 4613, 4616, 4626, 4634, 4648, 4657, 4674, 4887, 4956, 5004, 5644, 5666, 5684, 5691, 5696, 5710, 5755, 5806, 5817, 5832, 5842, 5854, 5891, 5930, 5975, 6003, 6019, 6023, 6080, 6095, 6234, 6366, 6372, 6381, 6384, 6436, 6445, 6529, 6530, 6548, 6590, 6603, 6660, 6663, 6672, 6683, 6689, 6731, 6798, 6802, 6886, 6943, 6943, 7024, 7040, 7152, 7172, 7184, 7215, 7237, 7276, 7323, 7345, 7374, 7380, 7401, 7424, 7427, 7636, 7671, 7676, 7755, 7762, 7805, 7830, 7867, 7979, 8011, 8137, 8165, 8167, 8216, 8419, 8424, 8453, 8463

19º - foi (204x)
Linhas: 158, 262, 280, 336, 339, 341, 430, 501, 502, 547, 577, 595, 641, 869, 882, 892, 893, 936, 972, 1009, 1017, 1044, 1052, 1066, 1083, 1085, 1085, 1177, 1229, 1240, 1278, 1297, 1351, 1359, 1523, 1537, 1594, 1662, 1838, 1925, 2017, 2061, 2105, 2105, 2226, 2237, 2307, 2367, 2394, 2418, 2508, 2517, 2528, 2538, 2572, 2710, 2713, 2713, 2718, 2737, 2823, 2957, 3070, 3124, 3128, 3144, 3160, 3177, 3180, 3211, 3328, 3352, 3355, 3356, 3505, 3590, 3625, 3721, 3792, 3794, 3816, 3825, 3844, 3901, 3915, 3925, 3934, 3994, 4100, 4158, 4198, 4250, 4260, 4331, 4379, 4406, 4411, 4413, 4415, 4437, 4462, 4513, 4599, 4628, 4654, 4743, 4765, 4859, 4887, 4952, 4981, 5033, 5043, 5075, 5132, 5146, 5178, 5229, 5267, 5287, 5302, 5414, 5436, 5481, 5490, 5490, 5496, 5528, 5577, 5619, 5643, 5657, 5685, 5767, 5770, 5809, 6090, 6096, 6122, 6190, 6248, 6252, 6342, 6383, 6410, 6432, 6447, 6447, 6485, 6497, 6506, 6574, 6617, 6637, 6642, 6657, 6685, 6705, 6810, 6823, 6846, 6861, 6905, 6931, 6941, 6987, 6998, 7001, 7085, 7105, 7161, 7198, 7237, 7273, 7298, 7317, 7403, 7421, 7488, 7509, 7557, 7679, 7679, 7731, 7749, 7794, 7862, 7889, 7988, 8025, 8040, 8045, 8102, 8183, 8221, 8233, 8258, 8270, 8325, 8352, 8396, 8437, 8510, 8566

20º - ha (136x)
Linhas: 94, 109, 125, 234, 246, 249, 419, 478, 532, 579, 584, 619, 632, 633, 680, 831, 970, 1041, 1178, 1197, 1282, 1297, 1426, 1442, 1467, 1591, 1613, 1617, 1681, 1722, 1726, 1749, 1842, 1958, 2008, 2111, 2130, 2159, 2210, 2309, 2400, 2481, 2493, 2566, 2632, 2790, 2847, 2885, 2951, 2989, 3043, 3052, 3057, 3063, 3092, 3111, 3124, 3214, 3217, 3288, 3311, 3351, 3434, 3631, 3751, 3777, 3780, 3861, 3905, 4050, 4052, 4056, 4059, 4088, 4243, 4298, 4298, 4356, 4432, 4441, 4478, 4575, 4594, 4688, 4774, 4948, 5014, 5238, 5265, 5276, 5560, 5599, 5602, 5628, 5692, 5693, 5740, 5862, 5981, 5982, 6008, 6041, 6170, 6175, 6187, 6224, 6226, 6226, 6307, 6316, 6330, 6480, 6573, 6619, 6652, 6680, 6710, 6720, 6894, 6983, 7004, 7115, 7173, 7201, 7202, 7332, 7525, 7646, 7840, 7941, 7996, 8085, 8104, 8203, 8308, 8508

21º - josé (151x)
Linhas: 194, 214, 222, 265, 276, 308, 310, 323, 343, 366, 369, 386, 640, 690, 705, 775, 951, 1091, 1175, 1272, 1274, 1298, 1309, 1355, 1438, 1455, 1497, 1519, 1523, 1550, 1560, 1621, 1641, 1650, 1660, 1671, 1717, 1778, 1794, 1881, 1890, 1894, 1898, 1902, 1908, 1909, 1916, 1964, 1995, 2039, 2050, 2056, 2114, 2125, 2136, 2311, 2389, 2397, 2603, 2609, 2631, 2657, 2799, 2805, 2806, 2901, 2986, 3254, 3286, 3305, 3365, 3394, 3442, 3453, 3472, 3773, 3936, 3945, 3959, 3988, 4021, 4048, 4101, 4125, 4264, 4266, 4287, 4299, 4378, 4395, 4419, 4436, 4439, 4612, 4635, 4650, 4759, 4760, 4765, 4767, 4771, 4788, 5055, 5663, 5675, 5682, 5854, 5940, 6049, 6075, 6094, 6094, 6111, 6139, 6152, 6156, 6173, 6180, 6180, 6234, 6293, 6342, 6359, 6886, 7078, 7080, 7099, 7124, 7156, 7302, 7318, 7425, 7432, 7484, 7489, 7497, 7511, 7544, 7551, 7558, 7577, 7632, 7647, 7659, 8253, 8311, 8325, 8350, 8353, 8415, 8465

22º - já (146x)
Linhas: 120, 188, 336, 360, 380, 430, 516, 594, 640, 655, 680, 688, 830, 946, 984, 1036, 1070, 1071, 1089, 1249, 1403, 1468, 1489, 1498, 1539, 1573, 1597, 1605, 1884, 1902, 1970, 2036, 2062, 2074, 2125, 2125, 2160, 2468, 2494, 2520, 2615, 2707, 2852, 2872, 2899, 3110, 3121, 3197, 3245, 3326, 3358, 3406, 3444, 3776, 3826, 3920, 3967, 3979, 3980, 4007, 4035, 4053, 4110, 4120, 4132, 4210, 4243, 4365, 4376, 4376, 4404, 4499, 4591, 4594, 4601, 4634, 4802, 4920, 5010, 5143, 5154, 5255, 5277, 5309, 5309, 5410, 5422, 5535, 5597, 5616, 5655, 5857, 5882, 5895, 6043, 6053, 6073, 6092, 6177, 6192, 6207, 6232, 6251, 6301, 6395, 6432, 6443, 6458, 6702, 6768, 6840, 6843, 6857, 6886, 6959, 6961, 6979, 7000, 7033, 7063, 7072, 7141, 7151, 7172, 7311, 7548, 7569, 7666, 7753, 7794, 7819, 7834, 7895, 7968, 8006, 8045, 8076, 8122, 8129, 8202, 8327, 8367, 8396, 8458, 8531, 8566

23º - mais (312x)
Linhas: 115, 122, 131, 149, 188, 326, 330, 392, 426, 455, 519, 522, 552, 665, 731, 747, 769, 771, 778, 782, 830, 893, 967, 1103, 1115, 1150, 1180, 1180, 1201, 1286, 1331, 1333, 1484, 1490, 1526, 1527, 1567, 1602, 1661, 1662, 1725, 1748, 1765, 1857, 1859, 1871, 1911, 1938, 1952, 1963, 1977, 2007, 2011, 2035, 2040, 2044, 2075, 2141, 2189, 2202, 2243, 2273, 2280, 2310, 2326, 2326, 2326, 2425, 2494, 2516, 2531, 2534, 2567, 2570, 2570, 2592, 2711, 2732, 2815, 2854, 2968, 3033, 3035, 3124, 3234, 3238, 3273, 3287, 3292, 3306, 3313, 3331, 3352, 3417, 3419, 3435, 3487, 3488, 3500, 3509, 3515, 3559, 3591, 3620, 3620, 3638, 3656, 3661, 3708, 3731, 3776, 3834, 3836, 3901, 3904, 3925, 3934, 3991, 4003, 4053, 4055, 4114, 4181, 4207, 4223, 4235, 4253, 4284, 4288, 4303, 4318, 4334, 4334, 4340, 4342, 4346, 4385, 4386, 4392, 4395, 4412, 4424, 4441, 4458, 4464, 4490, 4523, 4526, 4533, 4563, 4614, 4615, 4685, 4717, 4801, 4803, 4825, 4853, 4855, 4889, 4895, 4915, 4948, 4952, 4964, 4966, 5006, 5012, 5017, 5034, 5038, 5043, 5056, 5093, 5114, 5223, 5224, 5224, 5238, 5279, 5285, 5318, 5348, 5350, 5368, 5371, 5396, 5435, 5470, 5481, 5482, 5529, 5543, 5565, 5597, 5623, 5629, 5631, 5632, 5697, 5702, 5720, 5767, 5775, 5795, 5809, 5822, 5823, 5840, 5907, 5912, 5913, 5923, 5982, 6039, 6041, 6056, 6075, 6084, 6121, 6133, 6194, 6204, 6219, 6219, 6259, 6268, 6275, 6347, 6377, 6394, 6405, 6410, 6412, 6429, 6431, 6486, 6571, 6585, 6586, 6586, 6586, 6590, 6591, 6592, 6684, 6687, 6744, 6751, 6797, 6811, 6892, 6936, 6938, 6938, 6983, 6987, 7008, 7023, 7085, 7117, 7152, 7160, 7205, 7231, 7292, 7321, 7329, 7331, 7398, 7402, 7441, 7443, 7492, 7523, 7566, 7607, 7703, 7750, 7760, 7763, 7810, 7825, 7836, 7864, 7867, 7872, 7886, 7906, 7907, 7911, 7924, 7940, 7969, 7998, 8054, 8105, 8145, 8152, 8206, 8332, 8366, 8385, 8414, 8415, 8428, 8431, 8431, 8440, 8521, 8531, 8548

24º - mas (534x)
Linhas: 74, 88, 109, 132, 137, 140, 146, 154, 157, 162, 171, 183, 201, 227, 246, 251, 257, 263, 266, 287, 301, 313, 325, 334, 352, 361, 397, 431, 455, 465, 488, 499, 516, 591, 616, 623, 632, 637, 639, 662, 663, 736, 739, 748, 762, 773, 831, 845, 853, 869, 880, 901, 906, 920, 931, 946, 959, 982, 989, 1005, 1011, 1032, 1050, 1075, 1092, 1141, 1143, 1152, 1156, 1171, 1190, 1224, 1226, 1245, 1250, 1252, 1266, 1271, 1284, 1298, 1312, 1351, 1361, 1368, 1403, 1407, 1420, 1425, 1442, 1470, 1473, 1504, 1520, 1572, 1594, 1597, 1603, 1609, 1621, 1647, 1656, 1659, 1662, 1670, 1686, 1698, 1704, 1722, 1723, 1727, 1737, 1759, 1779, 1824, 1842, 1874, 1886, 1902, 1909, 1916, 1923, 1980, 2006, 2021, 2032, 2049, 2074, 2102, 2127, 2137, 2154, 2163, 2166, 2197, 2202, 2205, 2228, 2230, 2277, 2289, 2291, 2320, 2324, 2341, 2354, 2355, 2391, 2397, 2405, 2417, 2423, 2426, 2429, 2451, 2470, 2491, 2493, 2502, 2508, 2518, 2528, 2536, 2565, 2571, 2621, 2625, 2635, 2641, 2664, 2679, 2716, 2752, 2761, 2780, 2788, 2795, 2808, 2811, 2832, 2833, 2843, 2875, 2883, 2887, 2890, 2892, 2898, 2924, 2965, 2985, 2989, 3001, 3004, 3028, 3031, 3037, 3039, 3051, 3064, 3072, 3122, 3143, 3145, 3147, 3174, 3216, 3235, 3248, 3251, 3255, 3275, 3288, 3293, 3305, 3337, 3366, 3398, 3410, 3444, 3462, 3535, 3542, 3544, 3560, 3576, 3603, 3615, 3619, 3633, 3639, 3644, 3670, 3672, 3736, 3746, 3756, 3767, 3797, 3813, 3820, 3831, 3839, 3842, 3850, 3865, 3874, 3878, 3899, 3904, 3925, 3939, 3953, 3961, 3966, 3985, 3989, 4005, 4012, 4035, 4044, 4052, 4053, 4059, 4079, 4089, 4096, 4109, 4116, 4128, 4150, 4160, 4174, 4177, 4179, 4213, 4246, 4258, 4294, 4302, 4322, 4325, 4348, 4376, 4378, 4402, 4404, 4408, 4421, 4422, 4430, 4438, 4448, 4454, 4457, 4482, 4493, 4534, 4546, 4547, 4548, 4575, 4596, 4601, 4639, 4741, 4744, 4763, 4767, 4803, 4808, 4821, 4824, 4840, 4859, 4874, 4886, 4896, 4919, 4920, 4935, 4942, 4944, 4955, 4959, 4969, 4980, 4988, 5012, 5015, 5039, 5065, 5068, 5085, 5124, 5151, 5156, 5159, 5177, 5248, 5268, 5272, 5275, 5280, 5286, 5319, 5349, 5399, 5417, 5422, 5436, 5510, 5523, 5547, 5566, 5573, 5581, 5593, 5596, 5602, 5615, 5618, 5629, 5655, 5739, 5785, 5786, 5792, 5873, 5891, 5909, 5912, 5928, 5951, 5971, 6035, 6040, 6054, 6083, 6094, 6131, 6136, 6182, 6223, 6226, 6232, 6251, 6257, 6262, 6286, 6290, 6295, 6299, 6318, 6344, 6345, 6363, 6383, 6410, 6421, 6428, 6442, 6447, 6459, 6484, 6490, 6520, 6541, 6542, 6548, 6561, 6573, 6582, 6582, 6589, 6602, 6613, 6623, 6631, 6644, 6652, 6673, 6687, 6710, 6730, 6744, 6753, 6768, 6794, 6813, 6814, 6825, 6841, 6842, 6854, 6877, 6890, 6901, 6911, 6935, 6942, 6943, 6959, 6965, 6967, 6980, 6983, 6999, 7007, 7012, 7042, 7075, 7086, 7103, 7107, 7123, 7154, 7176, 7182, 7202, 7219, 7235, 7265, 7270, 7286, 7287, 7296, 7314, 7339, 7343, 7426, 7469, 7492, 7509, 7525, 7530, 7582, 7639, 7664, 7665, 7666, 7681, 7702, 7735, 7738, 7760, 7762, 7779, 7790, 7795, 7809, 7820, 7864, 7869, 7889, 7911, 7949, 7961, 7968, 7991, 7997, 8011, 8025, 8041, 8043, 8057, 8058, 8079, 8093, 8106, 8118, 8122, 8151, 8162, 8182, 8185, 8194, 8202, 8214, 8219, 8240, 8331, 8336, 8363, 8371, 8376, 8417, 8426, 8460, 8466, 8497, 8508, 8518, 8564, 8570

25º - mesmo (102x)
Linhas: 92, 111, 113, 125, 132, 246, 418, 429, 531, 580, 594, 716, 745, 776, 882, 984, 1064, 1065, 1278, 1750, 1925, 2016, 2130, 2324, 2327, 2535, 2565, 2596, 2889, 2973, 3029, 3124, 3326, 3488, 3720, 3808, 3847, 3850, 3874, 3917, 3966, 3988, 4006, 4089, 4115, 4126, 4163, 4178, 4199, 4292, 4293, 4523, 4798, 4885, 4951, 5053, 5266, 5512, 5524, 5656, 5779, 5779, 5780, 5780, 5782, 5786, 5820, 5983, 5995, 6004, 6078, 6129, 6165, 6258, 6290, 6465, 6490, 6549, 6582, 6605, 6827, 6908, 7056, 7145, 7151, 7183, 7198, 7231, 7263, 7342, 7394, 7507, 7572, 7739, 7809, 7842, 7947, 8241, 8243, 8335, 8416, 8429

26º - minha (322x)
Linhas: 184, 194, 227, 230, 261, 339, 345, 368, 380, 393, 444, 470, 483, 501, 504, 637, 653, 658, 670, 675, 680, 690, 769, 784, 811, 1016, 1017, 1031, 1032, 1035, 1037, 1051, 1052, 1057, 1059, 1083, 1084, 1148, 1148, 1154, 1172, 1204, 1205, 1227, 1258, 1259, 1264, 1314, 1340, 1375, 1382, 1409, 1410, 1414, 1439, 1472, 1493, 1501, 1524, 1546, 1563, 1564, 1571, 1573, 1618, 1764, 1821, 1827, 1830, 1871, 1913, 1921, 1952, 1957, 1969, 1972, 2005, 2029, 2062, 2082, 2095, 2286, 2287, 2342, 2380, 2405, 2421, 2427, 2430, 2468, 2486, 2489, 2529, 2543, 2545, 2569, 2572, 2575, 2602, 2654, 2658, 2659, 2664, 2667, 2710, 2715, 2718, 2734, 2789, 2794, 2795, 2798, 2831, 2878, 2879, 2895, 2900, 3072, 3143, 3212, 3239, 3252, 3255, 3267, 3270, 3292, 3303, 3319, 3325, 3331, 3332, 3341, 3376, 3382, 3416, 3432, 3436, 3468, 3548, 3562, 3568, 3745, 3746, 3755, 3782, 3834, 3845, 3845, 3867, 3936, 3946, 3948, 3959, 4078, 4092, 4159, 4196, 4223, 4257, 4260, 4260, 4270, 4295, 4318, 4323, 4330, 4340, 4342, 4351, 4353, 4366, 4371, 4417, 4423, 4439, 4443, 4446, 4453, 4455, 4456, 4461, 4476, 4503, 4513, 4521, 4522, 4529, 4534, 4560, 4578, 4578, 4581, 4591, 4600, 4602, 4725, 4797, 4823, 4825, 4829, 4836, 4860, 4944, 4950, 4967, 5001, 5005, 5027, 5029, 5044, 5045, 5050, 5062, 5069, 5075, 5081, 5092, 5097, 5099, 5103, 5115, 5184, 5185, 5212, 5229, 5291, 5336, 5366, 5370, 5373, 5410, 5412, 5418, 5455, 5463, 5469, 5487, 5599, 5646, 5653, 5663, 5680, 5684, 5686, 5707, 5753, 5758, 5872, 5925, 6035, 6052, 6056, 6070, 6076, 6082, 6086, 6110, 6116, 6131, 6138, 6200, 6231, 6235, 6274, 6299, 6311, 6359, 6363, 6464, 6497, 6564, 6604, 6615, 6672, 6673, 6681, 6932, 7055, 7072, 7088, 7099, 7187, 7292, 7318, 7318, 7323, 7334, 7355, 7382, 7448, 7526, 7528, 7571, 7584, 7614, 7658, 7673, 7701, 7702, 7749, 7778, 7832, 7864, 7864, 7920, 7975, 7989, 8107, 8185, 8192, 8207, 8255, 8270, 8278, 8313, 8328, 8372, 8426, 8466, 8517, 8531, 8575

27º - muito (141x)
Linhas: 72, 146, 204, 228, 278, 325, 325, 354, 465, 488, 524, 542, 679, 745, 1005, 1016, 1137, 1177, 1197, 1209, 1228, 1250, 1281, 1284, 1286, 1340, 1341, 1377, 1378, 1380, 1386, 1387, 1418, 1425, 1589, 1610, 1617, 1676, 1874, 1874, 1939, 2040, 2050, 2077, 2195, 2262, 2339, 2448, 2481, 2595, 2616, 2621, 2626, 2640, 2827, 2869, 3041, 3044, 3109, 3163, 3211, 3248, 3292, 3352, 3383, 3445, 3446, 3543, 3579, 3626, 3779, 3798, 3934, 3996, 4005, 4019, 4201, 4239, 4254, 4280, 4402, 4446, 4481, 4523, 4563, 4613, 4629, 4645, 4649, 4804, 4895, 4985, 5059, 5143, 5292, 5330, 5379, 5486, 5556, 5557, 5677, 5680, 5687, 5692, 5767, 5775, 5788, 5906, 5913, 5969, 5988, 6091, 6133, 6136, 6182, 6218, 6308, 6366, 6375, 6503, 6782, 6842, 7118, 7216, 7218, 7229, 7281, 7292, 7446, 7511, 7528, 7654, 7682, 7738, 7760, 7795, 7837, 8117, 8303, 8430, 8472

28º - mãe (187x)
Linhas: 194, 230, 234, 261, 339, 368, 370, 380, 393, 444, 483, 653, 658, 670, 690, 811, 830, 878, 948, 1016, 1031, 1032, 1051, 1052, 1126, 1148, 1148, 1154, 1204, 1258, 1303, 1409, 1410, 1414, 1439, 1493, 1546, 1558, 1560, 1571, 1596, 1597, 1723, 1764, 1821, 1827, 1830, 1913, 1952, 2029, 2062, 2082, 2254, 2262, 2284, 2286, 2288, 2342, 2405, 2430, 2456, 2487, 2536, 2567, 2602, 2658, 2659, 2734, 2794, 2795, 2874, 2877, 2879, 2895, 2900, 2994, 3009, 3018, 3252, 3303, 3319, 3325, 3331, 3332, 3341, 3376, 3386, 3468, 3936, 3946, 3948, 3957, 4012, 4260, 4270, 4283, 4283, 4295, 4318, 4330, 4340, 4349, 4351, 4366, 4423, 4443, 4446, 4456, 4461, 4521, 4560, 4581, 4591, 4600, 4797, 4808, 4823, 4989, 5001, 5005, 5027, 5044, 5069, 5081, 5092, 5103, 5115, 5212, 5237, 5305, 5336, 5366, 5370, 5373, 5410, 5412, 5418, 5444, 5455, 5653, 5684, 5758, 5802, 5872, 5915, 5925, 5987, 6004, 6035, 6052, 6070, 6077, 6082, 6086, 6096, 6110, 6116, 6131, 6138, 6203, 6235, 6299, 6359, 6363, 6464, 6630, 6637, 6673, 6727, 6846, 6938, 7099, 7811, 7920, 7922, 8075, 8185, 8255, 8270, 8313, 8328, 8372, 8407, 8420, 8430, 8465, 8611

29º - nada (102x)
Linhas: 215, 466, 549, 660, 736, 764, 845, 859, 902, 1112, 1115, 1134, 1161, 1246, 1437, 1467, 1484, 1624, 1625, 1928, 2111, 2139, 2240, 2313, 2462, 2539, 2748, 2753, 2763, 2951, 3028, 3035, 3124, 3177, 3406, 3434, 3442, 3466, 3571, 3620, 3682, 3720, 3877, 3904, 3917, 3920, 3967, 3985, 4000, 4014, 4116, 4121, 4246, 4303, 4376, 4378, 4407, 4432, 4441, 4718, 4749, 4845, 4901, 4942, 4943, 5039, 5161, 5211, 5279, 5615, 5698, 5786, 5788, 6181, 6203, 6226, 6268, 6422, 6631, 6639, 6710, 6800, 6840, 6934, 6965, 7075, 7100, 7182, 7344, 7345, 7398, 7448, 7547, 7681, 7729, 7731, 7764, 8168, 8232, 8332, 8375, 8549

30º - nem (221x)
Linhas: 78, 130, 298, 352, 601, 623, 660, 660, 685, 730, 763, 778, 779, 812, 853, 911, 922, 970, 988, 1017, 1075, 1112, 1113, 1126, 1140, 1339, 1613, 1737, 1738, 1858, 1939, 1946, 2096, 2125, 2158, 2196, 2230, 2241, 2294, 2448, 2509, 2570, 2695, 2763, 2800, 2814, 2814, 2819, 3132, 3147, 3147, 3153, 3192, 3245, 3270, 3325, 3339, 3351, 3391, 3434, 3462, 3483, 3515, 3619, 3660, 3717, 3718, 3755, 3757, 3774, 3794, 3819, 3849, 3868, 3869, 3920, 3995, 3999, 4080, 4179, 4180, 4341, 4404, 4464, 4485, 4520, 4549, 4600, 4640, 4651, 4684, 4684, 4684, 4684, 4686, 4749, 4801, 4826, 4853, 4874, 4953, 4960, 4966, 4966, 4968, 4974, 5003, 5028, 5054, 5055, 5079, 5080, 5130, 5130, 5160, 5161, 5161, 5211, 5211, 5277, 5281, 5282, 5314, 5315, 5486, 5522, 5533, 5572, 5572, 5572, 5619, 5629, 5658, 5691, 5733, 5767, 5801, 5820, 5893, 5893, 5894, 5953, 6014, 6097, 6265, 6270, 6409, 6418, 6427, 6445, 6448, 6448, 6570, 6588, 6601, 6612, 6616, 6618, 6633, 6706, 6706, 6753, 6770, 6799, 6799, 6808, 6819, 6839, 6850, 6939, 7001, 7073, 7100, 7184, 7197, 7217, 7229, 7243, 7286, 7315, 7332, 7343, 7371, 7429, 7471, 7493, 7503, 7503, 7529, 7657, 7703, 7728, 7790, 7811, 7811, 7820, 7827, 7935, 7941, 7966, 7966, 7978, 7978, 7993, 8001, 8077, 8087, 8142, 8232, 8232, 8285, 8308, 8313, 8313, 8414, 8414, 8459, 8464, 8477, 8549, 8564

31º - não (111x)
Linhas: 76, 159, 201, 263, 351, 428, 602, 870, 906, 1032, 1131, 1168, 1202, 1292, 1297, 1325, 1425, 1431, 1473, 1520, 1816, 1831, 2102, 2116, 2163, 2239, 2281, 2520, 2569, 2621, 2677, 2679, 2828, 3009, 3049, 3098, 3143, 3388, 3716, 3781, 3802, 3873, 3880, 3898, 3955, 4054, 4082, 4120, 4160, 4177, 4198, 4207, 4322, 4454, 4525, 4526, 4546, 4651, 4763, 4832, 4871, 4915, 5046, 5215, 5410, 5502, 5564, 5575, 5800, 5825, 5871, 5948, 6022, 6131, 6193, 6213, 6409, 6418, 6516, 6548, 6617, 6638, 6687, 6768, 6839, 6908, 6998, 7009, 7024, 7194, 7442, 7492, 7524, 7598, 7644, 7680, 7702, 7721, 7819, 7873, 7965, 8058, 8125, 8150, 8207, 8280, 8288, 8332, 8413, 8531, 8570

32º - o (105x)
Linhas: 210, 233, 302, 530, 595, 597, 651, 689, 732, 882, 1051, 1228, 1251, 1284, 1591, 1887, 1912, 2002, 2038, 2043, 2234, 2324, 2574, 2611, 2661, 2663, 2674, 2717, 2745, 2800, 2888, 3191, 3245, 3316, 3415, 3468, 3543, 3625, 3723, 3899, 3953, 4002, 4038, 4039, 4116, 4191, 4293, 4385, 4404, 4440, 4576, 4641, 4739, 4843, 4934, 4941, 5011, 5080, 5174, 5193, 5368, 5371, 5396, 5419, 5504, 5527, 5618, 5655, 5755, 5807, 5923, 6014, 6541, 6757, 6856, 6984, 7001, 7005, 7022, 7060, 7073, 7089, 7106, 7119, 7196, 7281, 7299, 7449, 7470, 7490, 7605, 7731, 7754, 7815, 7820, 8017, 8074, 8240, 8258, 8272, 8273, 8290, 8293, 8552, 8576

33º - olhos (154x)
Linhas: 64, 302, 391, 467, 482, 674, 845, 847, 850, 899, 912, 921, 965, 1014, 1044, 1065, 1127, 1134, 1200, 1245, 1351, 1409, 1499, 1605, 1606, 1642, 1666, 1671, 1719, 1947, 1950, 2061, 2090, 2134, 2142, 2147, 2149, 2211, 2228, 2238, 2660, 2779, 2781, 2826, 2886, 2912, 2933, 2940, 2987, 3041, 3145, 3148, 3156, 3164, 3304, 3332, 3338, 3421, 3530, 3575, 3577, 3600, 3619, 3710, 3714, 3724, 3880, 3972, 3975, 3994, 4111, 4161, 4171, 4177, 4201, 4207, 4391, 4431, 4436, 4442, 4447, 4548, 4634, 4782, 4782, 4822, 4841, 4894, 4955, 5069, 5104, 5131, 5134, 5137, 5189, 5205, 5225, 5235, 5326, 5550, 5669, 5673, 5693, 5807, 5871, 5977, 6021, 6120, 6192, 6308, 6568, 6620, 6702, 6770, 6933, 7076, 7204, 7245, 7258, 7263, 7291, 7315, 7447, 7457, 7470, 7494, 7527, 7572, 7607, 7655, 7675, 7753, 7756, 7762, 7772, 7781, 7790, 7802, 7802, 7830, 7835, 8009, 8079, 8191, 8212, 8214, 8214, 8257, 8362, 8378, 8459, 8498, 8619, 8710

34º - outra (126x)
Linhas: 74, 144, 163, 263, 263, 322, 434, 451, 465, 480, 704, 730, 783, 802, 850, 881, 915, 929, 931, 946, 1041, 1150, 1170, 1271, 1280, 1286, 1296, 1381, 1388, 1453, 1471, 1495, 1622, 1627, 1632, 1699, 1704, 1746, 1851, 1910, 1938, 1963, 2006, 2140, 2323, 2343, 2442, 2454, 2524, 2625, 2797, 2833, 2853, 2895, 2964, 3052, 3088, 3110, 3152, 3184, 3222, 3227, 3289, 3295, 3300, 3357, 3384, 3390, 3602, 3644, 3794, 3807, 3879, 4039, 4042, 4099, 4175, 4198, 4249, 4526, 4684, 4859, 4954, 5154, 5157, 5178, 5225, 5310, 5327, 5350, 5398, 5411, 5434, 5526, 5621, 5643, 5815, 5953, 5972, 6008, 6179, 6248, 6294, 6732, 6814, 7009, 7155, 7205, 7259, 7287, 7338, 7415, 7462, 7582, 7698, 7749, 7771, 7826, 8050, 8145, 8180, 8268, 8477, 8550, 8572, 8602

35º - outro (96x)
Linhas: 91, 461, 590, 603, 681, 704, 730, 777, 813, 816, 892, 900, 1352, 1397, 1574, 1755, 1905, 2094, 2163, 2228, 2235, 2510, 2517, 2537, 2593, 2723, 3069, 3131, 3235, 3236, 3331, 3354, 3419, 3419, 3616, 3630, 3650, 3700, 3713, 3776, 3915, 3954, 4043, 4091, 4108, 4110, 4149, 4355, 4397, 4491, 4493, 4571, 4696, 4760, 5003, 5015, 5225, 5289, 5318, 5599, 5629, 5720, 5720, 5720, 5721, 5949, 6073, 6129, 6286, 6573, 6627, 6700, 6705, 6783, 6812, 6842, 7145, 7332, 7427, 7599, 7666, 7735, 7759, 7779, 7825, 7835, 7844, 7888, 7896, 7964, 8042, 8074, 8165, 8205, 8308, 8458

36º - padre (97x)
Linhas: 156, 233, 236, 245, 417, 418, 554, 666, 674, 674, 674, 684, 913, 1092, 1137, 1206, 1265, 1266, 1296, 1416, 1418, 1444, 1463, 1473, 1567, 1647, 1647, 1653, 1655, 1656, 1724, 1746, 1934, 2017, 2111, 2127, 2287, 2348, 2354, 2368, 2408, 2408, 2481, 2485, 2488, 2494, 2506, 2575, 2587, 2602, 2609, 2619, 2626, 2632, 2640, 2653, 2777, 2804, 2821, 2822, 2823, 2846, 2847, 2851, 3038, 3043, 3046, 3102, 3110, 3293, 3303, 3311, 3316, 3399, 3503, 3573, 3573, 3703, 3968, 4153, 4298, 4461, 4579, 4801, 4934, 4958, 4960, 4960, 5038, 5827, 5832, 5982, 6036, 6122, 6123, 7273, 8312

37º - quando (171x)
Linhas: 181, 319, 338, 370, 370, 407, 428, 444, 481, 520, 530, 618, 661, 673, 743, 749, 768, 771, 809, 811, 816, 1009, 1103, 1126, 1128, 1170, 1178, 1325, 1499, 1523, 1567, 1671, 1693, 1887, 1936, 1952, 1992, 1995, 2118, 2239, 2254, 2320, 2345, 2416, 2427, 2449, 2536, 2555, 2607, 2766, 2776, 2794, 2806, 2882, 2969, 3187, 3319, 3339, 3437, 3468, 3486, 3710, 3719, 3726, 3747, 3779, 3807, 3912, 3996, 4035, 4086, 4124, 4129, 4163, 4210, 4250, 4279, 4490, 4603, 4643, 4643, 4712, 4721, 4750, 4836, 4875, 4887, 4980, 5116, 5372, 5388, 5396, 5403, 5406, 5410, 5455, 5467, 5558, 5684, 5698, 5975, 6022, 6110, 6172, 6236, 6249, 6289, 6289, 6326, 6377, 6387, 6406, 6412, 6423, 6433, 6603, 6608, 6615, 6627, 6629, 6699, 6700, 6733, 6755, 6846, 6851, 6858, 6896, 6910, 6996, 6999, 7044, 7063, 7080, 7082, 7103, 7108, 7123, 7144, 7153, 7154, 7173, 7175, 7192, 7246, 7291, 7299, 7330, 7446, 7447, 7494, 7529, 7581, 7654, 7802, 7811, 7814, 7845, 7869, 7870, 7907, 7917, 8017, 8073, 8199, 8312, 8385, 8409, 8444, 8473, 8495

38º - que (174x)
Linhas: 63, 77, 87, 132, 168, 257, 359, 400, 427, 446, 516, 582, 713, 731, 747, 880, 893, 902, 921, 971, 1006, 1091, 1127, 1312, 1363, 1405, 1406, 1407, 1497, 1699, 1704, 1747, 1820, 1873, 1927, 1970, 1980, 2029, 2051, 2144, 2228, 2326, 2453, 2458, 2466, 2491, 2530, 2610, 2642, 2645, 2694, 2720, 2804, 2827, 2829, 2845, 2890, 2894, 2919, 2994, 3093, 3216, 3251, 3273, 3275, 3297, 3324, 3386, 3484, 3509, 3522, 3620, 3662, 3673, 3758, 3842, 3850, 3872, 3922, 3999, 4005, 4050, 4052, 4150, 4193, 4202, 4205, 4214, 4283, 4286, 4295, 4352, 4485, 4559, 4603, 4743, 4768, 4808, 4822, 4874, 4953, 5028, 5030, 5143, 5157, 5178, 5214, 5232, 5267, 5274, 5417, 5486, 5521, 5773, 5774, 5787, 5795, 5872, 5887, 5928, 5975, 5982, 6041, 6133, 6161, 6194, 6207, 6271, 6273, 6611, 6706, 6728, 6751, 6781, 6810, 6888, 6905, 6911, 6932, 6938, 6958, 6983, 6997, 7023, 7160, 7215, 7246, 7302, 7326, 7330, 7382, 7464, 7469, 7506, 7565, 7657, 7663, 7728, 7735, 7810, 7886, 7911, 7923, 8092, 8102, 8134, 8196, 8216, 8237, 8257, 8407, 8467, 8493, 8517

39º - ser (149x)
Linhas: 63, 227, 245, 332, 389, 466, 473, 487, 545, 619, 655, 689, 784, 784, 901, 915, 947, 947, 987, 1055, 1190, 1226, 1276, 1282, 1284, 1295, 1420, 1430, 1441, 1463, 1473, 1475, 1489, 1501, 1647, 1654, 1724, 1746, 2102, 2127, 2152, 2314, 2339, 2362, 2401, 2408, 2425, 2497, 2626, 2804, 2821, 2823, 2827, 2888, 2921, 2924, 3046, 3046, 3052, 3067, 3155, 3214, 3227, 3270, 3289, 3297, 3351, 3607, 3615, 3638, 3662, 3670, 3772, 3844, 3874, 4005, 4038, 4059, 4149, 4168, 4206, 4243, 4259, 4298, 4356, 4408, 4422, 4432, 4579, 4601, 4834, 4916, 4934, 4935, 4953, 5058, 5058, 5062, 5101, 5274, 5510, 5594, 5634, 5675, 5880, 6037, 6039, 6122, 6154, 6170, 6175, 6187, 6268, 6307, 6316, 6324, 6373, 6377, 6631, 6633, 6657, 6660, 6673, 6680, 6813, 6839, 6927, 7060, 7176, 7176, 7218, 7296, 7308, 7338, 7600, 7735, 7794, 7794, 7819, 7888, 7907, 7976, 8000, 8001, 8117, 8219, 8333, 8371, 8431

40º - só (151x)
Linhas: 84, 107, 131, 184, 426, 433, 507, 632, 636, 684, 761, 920, 920, 952, 970, 1017, 1177, 1188, 1246, 1250, 1445, 1446, 1469, 1498, 1498, 1546, 1686, 1727, 1744, 1840, 1896, 2107, 2139, 2156, 2380, 2396, 2447, 2461, 2509, 2536, 2567, 2635, 2707, 2768, 2782, 2786, 2846, 2957, 3036, 3043, 3092, 3122, 3174, 3217, 3290, 3307, 3355, 3400, 3422, 3552, 3576, 3589, 3736, 3767, 3826, 3873, 3899, 3955, 4148, 4161, 4203, 4299, 4338, 4384, 4404, 4478, 4486, 4491, 4517, 4520, 4574, 4691, 4709, 4943, 4961, 5004, 5012, 5015, 5171, 5177, 5254, 5413, 5481, 5504, 5521, 5546, 5622, 5698, 5725, 5752, 5767, 5818, 5894, 5927, 6048, 6179, 6228, 6231, 6251, 6284, 6376, 6410, 6431, 6458, 6484, 6503, 6542, 6706, 6814, 6848, 6880, 6890, 6910, 6924, 6940, 7174, 7186, 7236, 7269, 7300, 7338, 7374, 7461, 7504, 7513, 7665, 7754, 7790, 7834, 7837, 7875, 7942, 7977, 7978, 7993, 8122, 8178, 8293, 8312, 8406, 8537

41º - tambem (166x)
Linhas: 90, 146, 298, 321, 404, 545, 584, 622, 756, 784, 808, 808, 994, 1104, 1154, 1155, 1283, 1410, 1431, 1493, 1498, 1507, 1642, 1689, 1728, 1732, 1883, 1889, 1953, 1979, 1980, 2004, 2008, 2011, 2161, 2276, 2312, 2328, 2393, 2410, 2485, 2493, 2519, 2595, 2617, 2660, 2663, 2781, 2823, 2878, 2936, 2938, 3056, 3128, 3145, 3182, 3231, 3293, 3311, 3375, 3384, 3570, 3570, 3591, 3633, 3640, 3723, 3736, 3751, 3768, 3781, 3820, 3889, 3950, 4040, 4042, 4235, 4246, 4281, 4330, 4433, 4487, 4520, 4546, 4574, 4627, 4709, 4896, 4914, 4941, 5058, 5144, 5184, 5217, 5234, 5286, 5315, 5400, 5417, 5510, 5559, 5566, 5616, 5686, 5692, 5745, 5752, 5754, 5768, 5928, 5930, 5973, 6054, 6075, 6128, 6139, 6159, 6179, 6183, 6194, 6348, 6421, 6439, 6459, 6490, 6541, 6549, 6590, 6619, 6637, 6639, 6663, 6730, 6794, 6807, 6873, 6878, 6896, 6928, 6934, 7000, 7063, 7077, 7103, 7202, 7339, 7425, 7461, 7470, 7473, 7581, 7639, 7666, 7673, 7678, 7760, 7830, 7889, 7906, 8258, 8333, 8381, 8420, 8453, 8552, 8576

42º - tempo (104x)
Linhas: 121, 149, 188, 201, 230, 334, 350, 456, 489, 499, 548, 601, 608, 657, 679, 850, 1073, 1079, 1137, 1211, 1468, 1503, 1589, 1617, 1640, 1702, 1707, 1750, 1875, 1939, 2050, 2157, 2165, 2421, 2588, 2656, 2707, 2732, 2783, 2885, 3029, 3050, 3051, 3109, 3153, 3252, 3325, 3448, 3519, 3528, 3543, 3549, 3572, 3576, 3592, 3680, 3747, 3797, 3922, 3966, 3966, 4044, 4061, 4096, 4253, 4254, 4293, 4343, 4669, 4687, 4730, 4739, 4821, 4873, 4885, 5541, 5619, 5894, 6051, 6286, 6316, 6381, 6581, 6581, 6782, 6819, 6836, 6894, 6903, 6936, 7203, 7229, 7299, 7382, 7443, 7446, 7507, 7686, 7791, 7813, 7866, 7992, 8081, 8340

43º - tinha (114x)
Linhas: 337, 361, 385, 391, 394, 406, 407, 471, 516, 516, 748, 754, 812, 851, 870, 899, 908, 946, 963, 1071, 1143, 1170, 1249, 1267, 1403, 1415, 1492, 1719, 1843, 1900, 1905, 1944, 2029, 2063, 2074, 2239, 2268, 2343, 2425, 2467, 2646, 2658, 2719, 2746, 2763, 2913, 3028, 3175, 3184, 3210, 3242, 3337, 3421, 3506, 3535, 3606, 3631, 3673, 3720, 3728, 3734, 3795, 3979, 4161, 4164, 4211, 4354, 4404, 4626, 4639, 4642, 4774, 4784, 4836, 4896, 5001, 5036, 5256, 5267, 5280, 5303, 5389, 5419, 5459, 5499, 5533, 5535, 5546, 5548, 5653, 5666, 5774, 6039, 6188, 6639, 6771, 6798, 6857, 6937, 7178, 7323, 7377, 7569, 7575, 7724, 7761, 7776, 7908, 7994, 8179, 8457, 8518, 8537, 8563

44º - tudo (171x)
Linhas: 90, 130, 132, 152, 158, 352, 501, 548, 620, 623, 633, 672, 737, 775, 776, 892, 1092, 1159, 1281, 1337, 1381, 1384, 1385, 1493, 1546, 1653, 1654, 1681, 1708, 1744, 1748, 1796, 1816, 1857, 1906, 1974, 1990, 2014, 2051, 2051, 2080, 2092, 2126, 2296, 2432, 2499, 2537, 2542, 2571, 2614, 2640, 2753, 2765, 2971, 3018, 3025, 3291, 3327, 3341, 3351, 3463, 3474, 3509, 3512, 3516, 3687, 3697, 3715, 3871, 3878, 3888, 3923, 3949, 4012, 4037, 4052, 4150, 4177, 4213, 4257, 4263, 4335, 4394, 4431, 4456, 4463, 4476, 4521, 4735, 4833, 4853, 4860, 4874, 4886, 5030, 5065, 5131, 5268, 5310, 5321, 5323, 5349, 5399, 5415, 5421, 5423, 5438, 5460, 5660, 5737, 5792, 5812, 5816, 5883, 5926, 5961, 5975, 6019, 6035, 6043, 6070, 6179, 6187, 6206, 6268, 6273, 6323, 6349, 6360, 6362, 6368, 6405, 6531, 6536, 6582, 6647, 6709, 6711, 6753, 6925, 6938, 6939, 7218, 7228, 7229, 7328, 7421, 7486, 7488, 7506, 7597, 7618, 7675, 7685, 7826, 7921, 7993, 8043, 8087, 8093, 8116, 8118, 8137, 8150, 8194, 8197, 8207, 8222, 8384, 8440, 8522

45º - tão (112x)
Linhas: 108, 165, 590, 651, 663, 663, 831, 1157, 1158, 1207, 1229, 1247, 1446, 1520, 1594, 1696, 1794, 1885, 1961, 2154, 2203, 2254, 2471, 2792, 2826, 3025, 3058, 3148, 3211, 3244, 3324, 3409, 3409, 3423, 3634, 3657, 3707, 3720, 3723, 3831, 3913, 3954, 3973, 4088, 4102, 4106, 4206, 4259, 4282, 4302, 4366, 4379, 4411, 4419, 4516, 4601, 4671, 4685, 4838, 4951, 5156, 5162, 5215, 5275, 5346, 5372, 5575, 5612, 5624, 5630, 5662, 5753, 5756, 5825, 5863, 5947, 6261, 6378, 6536, 6549, 6560, 6581, 6581, 6622, 6710, 6907, 6921, 6970, 7146, 7186, 7329, 7464, 7464, 7514, 7557, 7653, 7685, 7819, 7819, 7894, 7906, 7955, 8056, 8074, 8103, 8114, 8214, 8477, 8496, 8576, 8576, 8679

46º - vez (136x)
Linhas: 74, 141, 159, 163, 233, 299, 322, 349, 359, 383, 399, 585, 637, 690, 704, 755, 802, 846, 931, 969, 1170, 1297, 1308, 1385, 1388, 1622, 1627, 1658, 1677, 1746, 1829, 1835, 1851, 1885, 1910, 1923, 1927, 1929, 1990, 2224, 2320, 2323, 2352, 2442, 2454, 2498, 2528, 2542, 2711, 2792, 2833, 2895, 2896, 2964, 3030, 3152, 3289, 3324, 3354, 3360, 3463, 3525, 3662, 3707, 3724, 3737, 3836, 3905, 3994, 4038, 4042, 4278, 4281, 4320, 4390, 4419, 4459, 4462, 4494, 4524, 4613, 4722, 4954, 4961, 5012, 5089, 5224, 5327, 5369, 5483, 5497, 5499, 5514, 5555, 6025, 6046, 6099, 6169, 6219, 6247, 6294, 6394, 6469, 6577, 6663, 6814, 6924, 7009, 7085, 7126, 7215, 7268, 7374, 7504, 7548, 7582, 7619, 7665, 7682, 7698, 7701, 7749, 7863, 7872, 7911, 7941, 8075, 8079, 8125, 8134, 8208, 8217, 8258, 8308, 8376, 8428

47º - você (98x)
Linhas: 219, 251, 252, 328, 839, 843, 857, 984, 1048, 1164, 1179, 1243, 1281, 1281, 1285, 1296, 1403, 1420, 1425, 1447, 1448, 1468, 1472, 1534, 1598, 1603, 1605, 1746, 1754, 1761, 1844, 2111, 2126, 2128, 2175, 2595, 2910, 2917, 2952, 2954, 2994, 3004, 3009, 3010, 3010, 3061, 3064, 3072, 3109, 3175, 3216, 3222, 3227, 3228, 3232, 3322, 4016, 4031, 4035, 4051, 4245, 4254, 4270, 4369, 4901, 4914, 4915, 4920, 4925, 4980, 5692, 5857, 5887, 5888, 5906, 5916, 5920, 5948, 5949, 5967, 5988, 6165, 6179, 6207, 6478, 6516, 6516, 6527, 6647, 6649, 6741, 6896, 6970, 7059, 7060, 8114, 8128, 8630

48º - á (233x)
Linhas: 77, 133, 157, 184, 216, 311, 333, 360, 383, 394, 462, 581, 584, 617, 638, 639, 652, 661, 671, 673, 714, 714, 819, 850, 935, 961, 973, 1012, 1026, 1052, 1063, 1154, 1211, 1257, 1258, 1363, 1384, 1415, 1450, 1497, 1550, 1562, 1566, 1698, 1795, 1814, 1822, 1824, 1838, 1882, 1912, 1928, 1945, 1959, 1963, 1974, 2009, 2142, 2188, 2238, 2254, 2272, 2287, 2305, 2338, 2444, 2488, 2502, 2524, 2529, 2533, 2546, 2570, 2575, 2601, 2622, 2639, 2644, 2662, 2663, 2801, 2852, 2863, 3030, 3051, 3152, 3290, 3375, 3417, 3417, 3604, 3631, 3637, 3674, 3752, 3807, 3829, 3840, 3908, 3961, 3978, 4044, 4065, 4092, 4111, 4178, 4205, 4210, 4234, 4250, 4260, 4260, 4296, 4335, 4342, 4353, 4476, 4479, 4480, 4564, 4582, 4657, 4662, 4691, 4728, 4749, 4768, 4799, 4855, 4859, 4906, 5009, 5037, 5061, 5139, 5143, 5146, 5184, 5204, 5222, 5254, 5305, 5308, 5320, 5337, 5370, 5405, 5437, 5548, 5555, 5561, 5627, 5643, 5677, 5700, 5757, 5862, 5970, 5989, 6076, 6205, 6207, 6263, 6271, 6367, 6414, 6468, 6577, 6605, 6608, 6639, 6651, 6653, 6654, 6688, 6762, 6768, 6771, 7006, 7075, 7076, 7076, 7082, 7086, 7273, 7291, 7319, 7343, 7486, 7488, 7490, 7491, 7506, 7568, 7581, 7600, 7620, 7660, 7668, 7680, 7727, 7758, 7778, 7780, 7796, 7806, 7807, 7826, 7829, 7894, 7937, 7943, 7961, 7996, 8048, 8075, 8108, 8109, 8164, 8179, 8181, 8184, 8218, 8253, 8341, 8427, 8440, 8484, 8485, 8537, 8548, 8548, 8578

49º - é (624x)
Linhas: 81, 94, 107, 113, 115, 122, 125, 126, 130, 130, 132, 133, 142, 144, 146, 149, 183, 183, 203, 209, 242, 244, 245, 256, 258, 258, 330, 333, 334, 349, 352, 417, 426, 427, 470, 473, 499, 504, 504, 507, 516, 529, 533, 542, 542, 582, 586, 591, 597, 598, 599, 605, 609, 611, 620, 622, 632, 637, 641, 654, 738, 773, 839, 857, 859, 868, 869, 902, 916, 921, 970, 971, 983, 1014, 1019, 1048, 1059, 1061, 1091, 1132, 1179, 1179, 1226, 1271, 1281, 1283, 1285, 1285, 1297, 1338, 1340, 1341, 1341, 1358, 1378, 1379, 1401, 1405, 1408, 1418, 1420, 1420, 1430, 1430, 1444, 1446, 1446, 1447, 1474, 1497, 1539, 1570, 1596, 1604, 1612, 1645, 1656, 1656, 1670, 1677, 1683, 1683, 1686, 1686, 1692, 1693, 1696, 1702, 1702, 1707, 1707, 1744, 1744, 1748, 1748, 1749, 1759, 1760, 1761, 1823, 1823, 1835, 1837, 1840, 1857, 1878, 1878, 1995, 2005, 2006, 2062, 2068, 2106, 2127, 2192, 2208, 2263, 2324, 2324, 2326, 2416, 2448, 2458, 2463, 2479, 2493, 2494, 2509, 2526, 2546, 2565, 2565, 2566, 2569, 2590, 2596, 2607, 2614, 2614, 2621, 2621, 2625, 2625, 2632, 2635, 2637, 2640, 2646, 2646, 2674, 2721, 2745, 2752, 2753, 2753, 2756, 2760, 2766, 2776, 2792, 2795, 2798, 2807, 2815, 2820, 2821, 2829, 2843, 2843, 2845, 2846, 2897, 2899, 2931, 2936, 2936, 2951, 2951, 2992, 2994, 3001, 3027, 3043, 3044, 3044, 3050, 3057, 3058, 3063, 3085, 3092, 3093, 3102, 3122, 3160, 3175, 3185, 3186, 3196, 3248, 3288, 3291, 3299, 3316, 3317, 3330, 3353, 3358, 3359, 3385, 3398, 3399, 3406, 3417, 3418, 3448, 3458, 3458, 3458, 3460, 3461, 3462, 3468, 3484, 3487, 3506, 3509, 3509, 3509, 3571, 3593, 3621, 3633, 3654, 3658, 3658, 3673, 3687, 3700, 3736, 3736, 3737, 3756, 3771, 3781, 3783, 3794, 3801, 3813, 3814, 3820, 3836, 3863, 3867, 3867, 3871, 3880, 3918, 3923, 3940, 3956, 3961, 3961, 3961, 3969, 3979, 3999, 4012, 4014, 4014, 4019, 4037, 4039, 4040, 4056, 4060, 4061, 4082, 4089, 4091, 4095, 4110, 4114, 4115, 4129, 4150, 4150, 4192, 4196, 4201, 4202, 4239, 4241, 4245, 4259, 4280, 4287, 4300, 4309, 4330, 4345, 4426, 4430, 4430, 4431, 4479, 4490, 4493, 4498, 4523, 4546, 4638, 4660, 4665, 4667, 4685, 4709, 4709, 4710, 4723, 4733, 4739, 4780, 4784, 4872, 4874, 4874, 4875, 4890, 4914, 4915, 4919, 4920, 4925, 4927, 4929, 4929, 4942, 4943, 4944, 4971, 4978, 4988, 4989, 4991, 5013, 5016, 5035, 5036, 5042, 5043, 5058, 5060, 5060, 5061, 5071, 5077, 5086, 5099, 5124, 5138, 5185, 5254, 5292, 5310, 5318, 5321, 5322, 5465, 5505, 5507, 5523, 5531, 5537, 5561, 5575, 5580, 5612, 5624, 5629, 5630, 5656, 5676, 5691, 5703, 5736, 5737, 5737, 5743, 5782, 5782, 5785, 5785, 5786, 5786, 5787, 5787, 5809, 5823, 5823, 5843, 5857, 5863, 5865, 5882, 5885, 5905, 5911, 5913, 5923, 5928, 5947, 5948, 5981, 5987, 5992, 5995, 6000, 6015, 6045, 6047, 6051, 6056, 6087, 6108, 6118, 6132, 6133, 6133, 6136, 6165, 6171, 6176, 6177, 6179, 6180, 6187, 6188, 6189, 6189, 6193, 6200, 6205, 6213, 6218, 6224, 6226, 6228, 6310, 6330, 6342, 6362, 6375, 6390, 6424, 6442, 6476, 6484, 6487, 6503, 6503, 6510, 6536, 6541, 6541, 6546, 6550, 6561, 6561, 6562, 6567, 6569, 6585, 6621, 6636, 6647, 6700, 6725, 6770, 6787, 6789, 6789, 6791, 6804, 6805, 6842, 6856, 6863, 6878, 6910, 6911, 6921, 6928, 6982, 7001, 7006, 7007, 7010, 7011, 7024, 7049, 7059, 7063, 7107, 7119, 7131, 7138, 7139, 7147, 7180, 7182, 7183, 7184, 7199, 7199, 7200, 7201, 7213, 7218, 7228, 7231, 7232, 7247, 7269, 7282, 7338, 7340, 7340, 7342, 7355, 7494, 7524, 7524, 7530, 7616, 7621, 7649, 7699, 7702, 7704, 7719, 7740, 7760, 7775, 7779, 7800, 7821, 7892, 7894, 7916, 7960, 7969, 7996, 8039, 8074, 8081, 8100, 8115, 8117, 8132, 8135, 8149, 8163, 8182, 8188, 8254, 8278, 8341, 8348, 8363, 8364, 8372, 8406, 8438, 8534, 8535, 8538, 8562, 8564, 8565, 8574, 8624, 8679, 8686

50º - até (92x)
Linhas: 91, 462, 566, 597, 1075, 1142, 1180, 1197, 1256, 1258, 1503, 1655, 1752, 1803, 1814, 1822, 1860, 2002, 2188, 2216, 2235, 2238, 2443, 2455, 2622, 2663, 2805, 2869, 2942, 2957, 2959, 3037, 3069, 3219, 3252, 3357, 3454, 3474, 3728, 3758, 3774, 3817, 3834, 3952, 4146, 4178, 4600, 4659, 4687, 4721, 4770, 4812, 4954, 5213, 5222, 5237, 5273, 5274, 5482, 5564, 5572, 5596, 5840, 5861, 6214, 6656, 6725, 6855, 6874, 6886, 6964, 7012, 7048, 7182, 7210, 7445, 7585, 7699, 7705, 7739, 7793, 7825, 7867, 7948, 7961, 7989, 8026, 8142, 8326, 8332, 8544, 8548

