1º - a (59x)
Linhas: 122, 145, 241, 265, 305, 365, 504, 554, 649, 674, 720, 748, 809, 837, 855, 899, 907, 1184, 1256, 1454, 1466, 1482, 1488, 1489, 1540, 1603, 1613, 1616, 1648, 1687, 1738, 1747, 1764, 1918, 2093, 2190, 2193, 2279, 2302, 2368, 2388, 2438, 2461, 2486, 2566, 2653, 2656, 2745, 2813, 2875, 2904, 2908, 3048, 3053, 3089, 3090, 3121, 3164, 3232

2º - ainda (30x)
Linhas: 122, 207, 321, 396, 407, 525, 550, 563, 826, 930, 1109, 1118, 1210, 1407, 1453, 1545, 1571, 1755, 1774, 1848, 1858, 1870, 1936, 1940, 2172, 2284, 2492, 2595, 2875, 2955

3º - até (26x)
Linhas: 226, 311, 471, 516, 546, 815, 875, 933, 1170, 1481, 1504, 1505, 1535, 1553, 1580, 1822, 2016, 2192, 2392, 2474, 2620, 2639, 2662, 2716, 2822, 3119

4º - broc (39x)
Linhas: 94, 3259, 3261, 3263, 3265, 3268, 3270, 3272, 3274, 3282, 3285, 3291, 3299, 3305, 3307, 3313, 3330, 3336, 3342, 3348, 3357, 3365, 3377, 3383, 3396, 3409, 3416, 3418, 3429, 3435, 3441, 3443, 3449, 3455, 3461, 3463, 3469, 3471, 3477

5º - cidade (62x)
Linhas: 180, 190, 199, 233, 517, 520, 639, 655, 920, 942, 1019, 1080, 1089, 1104, 1124, 1154, 1182, 1195, 1263, 1265, 1487, 1533, 1845, 1850, 1853, 1857, 1866, 2032, 2093, 2172, 2185, 2198, 2211, 2321, 2337, 2376, 2379, 2407, 2409, 2437, 2458, 2514, 2577, 2618, 2654, 2657, 2809, 2824, 2834, 2847, 2875, 2885, 2893, 2915, 2928, 3038, 3046, 3165, 3166, 3173, 3187, 3190

6º - da (36x)
Linhas: 110, 179, 391, 393, 476, 714, 791, 826, 917, 941, 1071, 1262, 1268, 1274, 1321, 1362, 1410, 1461, 1564, 1671, 1705, 1804, 1811, 1821, 1840, 1911, 1927, 2197, 2333, 2338, 2537, 2655, 2896, 2903, 2935, 3211

7º - de (107x)
Linhas: 151, 189, 224, 254, 301, 306, 337, 366, 416, 419, 447, 471, 474, 502, 503, 522, 563, 707, 741, 808, 835, 853, 963, 996, 1012, 1019, 1064, 1065, 1096, 1136, 1147, 1153, 1198, 1233, 1273, 1287, 1369, 1380, 1387, 1400, 1462, 1487, 1541, 1549, 1598, 1666, 1723, 1726, 1735, 1800, 1829, 1844, 1884, 1895, 1930, 1940, 1941, 1958, 1960, 1961, 2007, 2018, 2119, 2154, 2162, 2199, 2212, 2221, 2265, 2334, 2355, 2370, 2442, 2447, 2489, 2495, 2530, 2542, 2545, 2548, 2571, 2580, 2588, 2596, 2611, 2659, 2714, 2726, 2738, 2763, 2788, 2801, 2826, 2845, 2848, 2850, 2860, 2876, 2897, 2948, 2951, 2970, 3065, 3110, 3135, 3236, 3420

8º - depois (23x)
Linhas: 199, 227, 363, 419, 508, 546, 642, 695, 787, 808, 808, 849, 1144, 1216, 1424, 1518, 1600, 1989, 2026, 2218, 2493, 2763, 3200

9º - dia (42x)
Linhas: 186, 221, 232, 415, 454, 469, 497, 528, 633, 634, 742, 755, 784, 787, 1002, 1111, 1160, 1251, 1256, 1267, 1532, 1684, 1738, 1739, 1843, 1887, 2266, 2320, 2324, 2366, 2370, 2388, 2402, 2402, 2455, 2461, 2845, 3054, 3099, 3164, 3224, 3224

10º - do (27x)
Linhas: 274, 319, 340, 511, 564, 624, 845, 933, 1042, 1060, 1264, 1339, 1628, 1699, 1739, 1801, 2052, 2066, 2113, 2344, 2382, 2395, 2707, 2961, 3019, 3134, 3215

11º - e (60x)
Linhas: 112, 129, 193, 239, 255, 335, 338, 412, 531, 584, 836, 849, 904, 952, 969, 1025, 1057, 1063, 1099, 1128, 1169, 1234, 1291, 1445, 1495, 1518, 1522, 1555, 1606, 1620, 1631, 1768, 1881, 1883, 1901, 2220, 2270, 2305, 2346, 2349, 2387, 2473, 2517, 2525, 2572, 2583, 2584, 2587, 2619, 2631, 2640, 2846, 3034, 3047, 3094, 3117, 3138, 3167, 3178, 3233

12º - em (25x)
Linhas: 666, 909, 918, 1150, 1245, 1537, 1627, 1647, 1769, 1795, 1808, 1823, 1850, 1998, 2181, 2458, 2476, 2503, 2541, 2556, 2616, 2643, 2722, 2819, 3127

13º - enc (28x)
Linhas: 3259, 3261, 3266, 3272, 3274, 3285, 3291, 3299, 3305, 3307, 3313, 3315, 3357, 3365, 3377, 3383, 3390, 3396, 3409, 3416, 3416, 3418, 3429, 3435, 3441, 3469, 3471, 3477

14º - era (46x)
Linhas: 128, 203, 276, 289, 498, 689, 723, 768, 799, 823, 826, 861, 879, 912, 927, 1083, 1117, 1148, 1200, 1333, 1488, 1495, 1601, 1613, 1785, 1785, 1792, 1792, 1839, 2111, 2232, 2278, 2366, 2529, 2541, 2564, 2580, 2783, 2793, 2834, 2875, 2991, 3016, 3058, 3124, 3136

15º - essa (27x)
Linhas: 126, 217, 242, 283, 375, 836, 945, 976, 1729, 1745, 1774, 1786, 1825, 1848, 1858, 1940, 1967, 2189, 2241, 2250, 2334, 2592, 2659, 2699, 2822, 2908, 2915

16º - esse (24x)
Linhas: 126, 270, 289, 289, 829, 863, 1154, 1233, 1256, 1380, 1545, 1746, 1790, 1867, 1912, 2004, 2344, 2592, 2779, 2788, 2921, 3151, 3189, 3223

17º - foi (42x)
Linhas: 35, 115, 215, 256, 360, 438, 461, 500, 673, 836, 1083, 1135, 1162, 1256, 1331, 1455, 1505, 1531, 1620, 1623, 1745, 1751, 1840, 1848, 1857, 1861, 2140, 2220, 2324, 2384, 2489, 2503, 2507, 2542, 2659, 2771, 2816, 2879, 2908, 3051, 3148, 3532

18º - grande (44x)
Linhas: 123, 129, 189, 493, 563, 622, 917, 939, 955, 1238, 1253, 1333, 1338, 1394, 1461, 1481, 1699, 1733, 1735, 1764, 1785, 1793, 1944, 1951, 2087, 2178, 2187, 2240, 2297, 2337, 2360, 2515, 2522, 2577, 2611, 2780, 2814, 2848, 2885, 2912, 2941, 3022, 3032, 3233

19º - já (27x)
Linhas: 447, 563, 674, 696, 799, 831, 844, 1065, 1107, 1467, 1500, 1718, 1775, 1843, 1907, 1958, 1986, 2044, 2129, 2203, 2353, 2472, 2492, 2856, 2859, 2972, 3199

20º - mais (91x)
Linhas: 127, 127, 135, 145, 247, 293, 306, 330, 341, 360, 402, 419, 461, 484, 497, 561, 652, 657, 661, 661, 662, 674, 726, 830, 861, 923, 926, 1067, 1080, 1088, 1093, 1098, 1119, 1150, 1194, 1194, 1195, 1240, 1263, 1381, 1402, 1428, 1519, 1549, 1654, 1666, 1741, 1845, 1853, 1903, 1908, 1915, 1998, 2013, 2017, 2059, 2217, 2222, 2267, 2278, 2288, 2294, 2298, 2353, 2396, 2434, 2446, 2458, 2515, 2527, 2534, 2536, 2541, 2652, 2656, 2688, 2771, 2813, 2815, 2829, 2859, 2875, 2879, 2894, 2903, 3025, 3047, 3048, 3148, 3152, 3217

21º - mar (29x)
Linhas: 189, 200, 210, 213, 219, 224, 397, 492, 710, 720, 736, 755, 782, 785, 928, 1804, 1810, 1824, 1838, 2129, 2240, 2336, 2352, 2367, 2495, 2517, 2530, 2560, 2708

22º - mas (28x)
Linhas: 155, 310, 572, 611, 657, 661, 861, 997, 1206, 1396, 1407, 1455, 1745, 1751, 1764, 1784, 2200, 2216, 2378, 2492, 2593, 2612, 2798, 2865, 2895, 3151, 3190, 3207

23º - mesmo (29x)
Linhas: 89, 448, 581, 634, 808, 837, 851, 972, 1039, 1140, 1211, 1242, 1401, 2139, 2162, 2171, 2250, 2320, 2390, 2471, 2546, 2584, 2641, 2776, 2868, 2973, 3132, 3392, 3515

24º - muito (53x)
Linhas: 127, 222, 284, 328, 440, 448, 503, 610, 657, 742, 929, 941, 984, 1098, 1136, 1147, 1206, 1269, 1391, 1406, 1580, 1697, 1719, 1747, 1783, 1848, 1917, 1966, 1970, 1974, 2016, 2057, 2138, 2213, 2238, 2248, 2249, 2252, 2259, 2344, 2348, 2356, 2358, 2378, 2404, 2633, 2669, 2783, 2799, 2825, 3048, 3167, 3199

25º - n'um (28x)
Linhas: 776, 1051, 1263, 1353, 1377, 1731, 1807, 1835, 1954, 1961, 2032, 2128, 2178, 2185, 2267, 2339, 2348, 2388, 2566, 2572, 2694, 2716, 2726, 2826, 2942, 2969, 2978, 3235

26º - noite (27x)
Linhas: 177, 197, 232, 377, 396, 976, 977, 995, 1005, 1559, 1560, 1563, 1692, 1705, 1774, 1957, 1987, 2232, 2263, 2555, 2721, 2745, 2960, 2995, 2998, 3055, 3099

27º - nossa (25x)
Linhas: 215, 528, 673, 1088, 1128, 1251, 1291, 1331, 1502, 1559, 1675, 2139, 2216, 2220, 2333, 2337, 2458, 2462, 2629, 2763, 2855, 2901, 3013, 3016, 3162

28º - nova (26x)
Linhas: 268, 474, 675, 797, 920, 937, 1012, 1150, 1240, 1251, 1275, 1416, 1481, 1571, 1595, 2305, 2367, 2512, 2596, 2615, 2640, 2681, 2700, 2931, 3046, 3377

29º - o (49x)
Linhas: 218, 225, 381, 475, 675, 695, 765, 903, 910, 972, 995, 1108, 1124, 1207, 1240, 1341, 1388, 1446, 1611, 1660, 1710, 1755, 1767, 1815, 1848, 1919, 1928, 1942, 2013, 2152, 2171, 2172, 2178, 2203, 2416, 2421, 2469, 2484, 2615, 2658, 2666, 2805, 3029, 3031, 3118, 3151, 3199, 3200, 3210

30º - onde (40x)
Linhas: 271, 325, 340, 396, 420, 426, 475, 655, 964, 983, 1085, 1132, 1200, 1207, 1228, 1446, 1607, 1686, 1699, 1871, 1971, 2033, 2172, 2188, 2198, 2218, 2260, 2377, 2537, 2571, 2572, 2616, 2656, 2826, 2850, 2852, 2914, 2981, 3017, 3082

31º - paiz (35x)
Linhas: 1, 9, 18, 47, 63, 76, 147, 164, 353, 525, 552, 645, 680, 682, 1100, 1210, 1376, 1446, 1468, 1593, 1809, 1832, 2229, 2383, 2419, 2462, 2571, 2577, 2580, 2588, 2750, 3196, 3199, 3223, 3285

32º - pela (30x)
Linhas: 239, 372, 409, 426, 546, 547, 680, 741, 822, 822, 822, 1369, 1460, 1549, 1552, 1713, 1957, 2120, 2198, 2290, 2368, 2503, 2623, 2658, 2703, 2780, 2882, 3038, 3055, 3067

33º - quando (23x)
Linhas: 193, 197, 301, 370, 377, 495, 620, 694, 831, 900, 969, 972, 985, 985, 1495, 2118, 2129, 2232, 2429, 2482, 2522, 3025, 3111

34º - quasi (32x)
Linhas: 275, 402, 441, 510, 583, 657, 917, 1005, 1104, 1107, 1240, 1374, 1501, 1573, 1581, 1604, 1967, 2159, 2166, 2232, 2241, 2300, 2310, 2344, 2367, 2478, 2494, 2779, 3029, 3162, 3194, 3200

35º - que (32x)
Linhas: 118, 425, 431, 534, 636, 690, 724, 830, 1514, 1525, 1563, 1654, 1814, 1916, 2280, 2301, 2367, 2390, 2468, 2507, 2557, 2612, 2676, 2708, 2772, 2824, 2847, 2871, 2926, 3103, 3136, 3188

36º - rio (33x)
Linhas: 56, 79, 157, 189, 217, 674, 863, 923, 975, 979, 996, 1020, 1026, 1099, 1108, 1172, 1456, 1564, 1693, 1705, 1731, 1738, 1745, 1754, 1774, 1871, 2069, 2118, 2516, 2527, 2567, 2641, 3093

37º - sempre (29x)
Linhas: 218, 219, 224, 341, 357, 371, 375, 393, 479, 546, 708, 712, 829, 1202, 1221, 1270, 1271, 1306, 1636, 1676, 1922, 2259, 2300, 2367, 2478, 2660, 3044, 3047, 3094

38º - tempo (36x)
Linhas: 244, 474, 528, 696, 748, 799, 826, 863, 948, 1039, 1092, 1421, 1425, 1435, 1526, 1620, 1848, 1850, 2141, 2274, 2317, 2461, 2469, 2470, 2471, 2473, 2508, 2573, 2584, 2685, 2788, 2855, 2865, 2871, 3034, 3220

39º - toda (39x)
Linhas: 189, 242, 259, 273, 517, 621, 841, 995, 1005, 1051, 1235, 1240, 1265, 1488, 1501, 1843, 1961, 1982, 2010, 2170, 2250, 2277, 2315, 2336, 2350, 2364, 2410, 2494, 2556, 2580, 2615, 2615, 2665, 2734, 2748, 2800, 2917, 2933, 3033

40º - todas (36x)
Linhas: 461, 583, 687, 760, 952, 953, 1059, 1259, 1354, 1356, 1374, 1441, 1483, 1522, 1530, 1532, 1552, 1573, 1793, 1796, 1837, 2019, 2145, 2405, 2406, 2466, 2639, 2655, 2702, 2750, 2836, 2851, 2935, 2964, 2997, 3181

41º - todos (35x)
Linhas: 173, 206, 206, 566, 575, 680, 681, 705, 759, 781, 852, 948, 1346, 1429, 1559, 1742, 1748, 1796, 1825, 2153, 2166, 2185, 2199, 2406, 2406, 2680, 2680, 2707, 2793, 2952, 2961, 3121, 3127, 3138, 3502

42º - tão (35x)
Linhas: 123, 138, 178, 179, 477, 495, 618, 705, 706, 1056, 1132, 1211, 1211, 1211, 1342, 1676, 1808, 1817, 1925, 1925, 1942, 1942, 1995, 1995, 2000, 2003, 2004, 2108, 2301, 2480, 2480, 2525, 2642, 2777, 3210

43º - um (28x)
Linhas: 292, 321, 370, 387, 500, 609, 840, 1017, 1106, 1141, 1834, 1866, 1926, 1937, 2076, 2082, 2206, 2313, 2401, 2433, 2471, 2482, 2723, 2730, 2895, 2924, 3084, 3111

44º - vida (28x)
Linhas: 132, 368, 1208, 1302, 1306, 1560, 1785, 1786, 1825, 1829, 2012, 2124, 2181, 2337, 2368, 2578, 2617, 2739, 2794, 2804, 2931, 2939, 3031, 3171, 3211, 3240, 3270, 3313

45º - vol (46x)
Linhas: 94, 2455, 3259, 3261, 3265, 3270, 3272, 3274, 3276, 3282, 3285, 3291, 3299, 3305, 3307, 3313, 3317, 3329, 3336, 3342, 3348, 3357, 3359, 3365, 3371, 3377, 3383, 3402, 3409, 3418, 3423, 3429, 3435, 3441, 3443, 3449, 3455, 3461, 3463, 3469, 3471, 3483, 3487, 3489, 3492, 3494

46º - É (26x)
Linhas: 226, 263, 558, 652, 656, 809, 1154, 1190, 1294, 1595, 1804, 1870, 1896, 1914, 2085, 2192, 2226, 2308, 2313, 2388, 2602, 2670, 2831, 2998, 3151, 3185

47º - á (134x)
Linhas: 150, 173, 174, 207, 328, 336, 337, 337, 362, 368, 379, 380, 410, 451, 480, 484, 513, 535, 544, 564, 611, 633, 640, 642, 648, 688, 691, 712, 712, 776, 842, 875, 886, 886, 917, 926, 927, 937, 993, 993, 1019, 1063, 1083, 1122, 1171, 1203, 1220, 1251, 1290, 1294, 1338, 1373, 1388, 1401, 1440, 1445, 1496, 1505, 1515, 1521, 1549, 1553, 1563, 1607, 1610, 1636, 1652, 1655, 1686, 1699, 1701, 1705, 1748, 1754, 1844, 1856, 1867, 1871, 1891, 1893, 1955, 2076, 2088, 2092, 2193, 2216, 2220, 2232, 2268, 2279, 2303, 2347, 2355, 2355, 2360, 2361, 2362, 2369, 2381, 2405, 2466, 2484, 2484, 2489, 2504, 2507, 2512, 2516, 2518, 2533, 2545, 2551, 2590, 2598, 2626, 2641, 2721, 2730, 2754, 2902, 2905, 2928, 2957, 2970, 2982, 2995, 3013, 3017, 3071, 3080, 3097, 3167, 3175, 3200

48º - ás (28x)
Linhas: 229, 469, 543, 707, 720, 984, 1037, 1510, 1601, 1638, 1654, 1694, 1753, 1765, 1923, 2079, 2082, 2198, 2300, 2530, 2555, 2572, 2620, 2620, 2856, 2905, 3095, 3117

49º - é (132x)
Linhas: 210, 224, 250, 268, 288, 368, 510, 514, 521, 531, 569, 580, 609, 615, 617, 655, 661, 661, 695, 807, 818, 830, 831, 860, 861, 868, 870, 882, 909, 972, 1018, 1080, 1147, 1166, 1178, 1181, 1181, 1191, 1213, 1214, 1233, 1234, 1235, 1295, 1316, 1420, 1439, 1527, 1625, 1627, 1633, 1639, 1644, 1652, 1661, 1742, 1746, 1764, 1790, 1866, 1893, 1895, 1899, 1902, 1915, 1925, 1928, 1989, 2048, 2050, 2064, 2124, 2153, 2158, 2170, 2172, 2197, 2208, 2211, 2213, 2270, 2288, 2304, 2310, 2401, 2416, 2419, 2429, 2433, 2468, 2474, 2485, 2485, 2498, 2527, 2536, 2548, 2555, 2560, 2572, 2591, 2619, 2625, 2628, 2644, 2669, 2685, 2691, 2691, 2692, 2714, 2720, 2739, 2757, 2809, 2848, 2865, 2865, 2911, 2924, 2965, 3029, 3032, 3034, 3046, 3134, 3135, 3181, 3189, 3194, 3210, 3212

50º - todo (23x)
Linhas: 142, 186, 440, 501, 528, 851, 878, 1044, 1269, 1278, 1462, 1496, 1504, 1635, 2216, 2263, 2315, 2337, 2519, 2714, 2805, 2824, 3239

