1º - a (196x)
Linhas: 98, 103, 137, 174, 180, 228, 267, 289, 300, 330, 374, 456, 481, 516, 530, 562, 568, 574, 609, 615, 617, 668, 718, 777, 845, 854, 887, 895, 907, 915, 930, 1131, 1162, 1203, 1238, 1241, 1284, 1428, 1431, 1445, 1458, 1464, 1465, 1488, 1563, 1611, 1615, 1634, 1677, 1721, 1756, 1819, 1832, 1888, 1945, 1974, 1984, 1986, 1997, 2022, 2109, 2141, 2143, 2164, 2196, 2225, 2262, 2321, 2371, 2387, 2420, 2485, 2522, 2559, 2565, 2594, 2661, 2755, 2840, 2873, 2906, 2949, 2959, 3089, 3126, 3129, 3427, 3535, 3810, 3921, 3951, 3973, 4019, 4040, 4072, 4162, 4214, 4306, 4411, 4433, 4511, 4540, 4578, 4618, 4620, 4703, 4705, 4753, 4754, 4815, 4896, 4912, 4990, 5022, 5032, 5064, 5203, 5253, 5267, 5271, 5290, 5308, 5340, 5366, 5431, 5501, 5516, 5593, 5619, 5622, 5634, 5662, 5674, 5703, 5730, 5785, 5793, 5836, 5854, 5870, 5872, 5883, 5911, 5928, 5966, 6100, 6101, 6228, 6270, 6416, 6456, 6463, 6484, 6509, 6616, 6665, 6677, 6717, 6744, 6877, 6908, 6967, 6973, 6981, 7060, 7107, 7115, 7121, 7144, 7149, 7168, 7185, 7249, 7277, 7302, 7304, 7348, 7516, 7610, 7640, 7695, 7702, 7748, 7757, 7771, 7786, 7840, 7905, 7942, 7979, 7984, 8014, 8129, 8186, 8194, 8210

2º - ainda (79x)
Linhas: 58, 131, 241, 452, 466, 542, 722, 891, 1132, 1142, 1157, 1397, 1464, 1673, 1767, 1809, 1872, 1877, 1910, 2075, 2214, 2271, 2366, 2410, 2413, 2459, 2542, 2718, 2819, 2908, 3034, 3100, 3186, 3297, 3448, 3857, 3864, 4013, 4018, 4104, 4132, 4228, 4298, 4432, 4727, 4927, 4953, 5166, 5332, 5395, 5433, 5742, 5916, 6064, 6095, 6099, 6226, 6272, 6296, 6482, 6724, 6729, 6805, 6835, 6859, 7055, 7056, 7068, 7186, 7337, 7404, 7429, 7733, 7736, 7790, 7880, 8114, 8169, 8188

3º - alguma (78x)
Linhas: 292, 473, 486, 623, 857, 878, 976, 1071, 1165, 1226, 1244, 1278, 1293, 1298, 1299, 1334, 1477, 1506, 1591, 1615, 1684, 1975, 2209, 2297, 2477, 2585, 2685, 2746, 2823, 2934, 3023, 3241, 3244, 3267, 3444, 3498, 3498, 3681, 3718, 3849, 3852, 3920, 4011, 4057, 4199, 4232, 4371, 4387, 4430, 4724, 4812, 5109, 5116, 5205, 5234, 5386, 5397, 5404, 5510, 5604, 5915, 5951, 5985, 6244, 6476, 6536, 6683, 6750, 6751, 6751, 7169, 7335, 7442, 7668, 7890, 7938, 8060, 8158

4º - até (83x)
Linhas: 145, 176, 219, 355, 370, 511, 514, 615, 650, 653, 675, 725, 1147, 1459, 1561, 1827, 1862, 1966, 2024, 2229, 2535, 2565, 2590, 2591, 2666, 2836, 2954, 3026, 3066, 3099, 3167, 3207, 3253, 3269, 3401, 3482, 3493, 3702, 3717, 3785, 3843, 3989, 4079, 4138, 4323, 4446, 4470, 4734, 4757, 4808, 4851, 5383, 5401, 5402, 5501, 5670, 5693, 5809, 5811, 5820, 5913, 5920, 6093, 6128, 6229, 6390, 6509, 6513, 6515, 6592, 6662, 6832, 6842, 6969, 7056, 7321, 7397, 7755, 7777, 7836, 7985, 8040, 8229

5º - capitulo (192x)
Linhas: 91, 165, 206, 249, 306, 335, 343, 446, 454, 682, 730, 754, 786, 821, 944, 1119, 1182, 1256, 1384, 1406, 1540, 1579, 1739, 1778, 1855, 1888, 1898, 1953, 1958, 2006, 2091, 2190, 2235, 2286, 2330, 2393, 2452, 2460, 2515, 2574, 2601, 2636, 2674, 2708, 2799, 2849, 2891, 2943, 2959, 2965, 3002, 3053, 3069, 3076, 3082, 3195, 3228, 3260, 3311, 3369, 3435, 3511, 3541, 3584, 3655, 3688, 3731, 3778, 3895, 3945, 3979, 4001, 4151, 4237, 4312, 4339, 4403, 4458, 4482, 4529, 4556, 4562, 4601, 4607, 4636, 4643, 4711, 4741, 4771, 4829, 4903, 4937, 4947, 4981, 5070, 5128, 5210, 5260, 5296, 5316, 5323, 5341, 5375, 5448, 5523, 5569, 5628, 5680, 5716, 5750, 5767, 5827, 5846, 5866, 5879, 5891, 5937, 5947, 5972, 6007, 6015, 6021, 6114, 6175, 6196, 6239, 6253, 6261, 6282, 6362, 6377, 6423, 6470, 6476, 6490, 6530, 6568, 6574, 6609, 6738, 6744, 6760, 6770, 6792, 6818, 6842, 6891, 6919, 6994, 7020, 7039, 7093, 7133, 7155, 7168, 7177, 7197, 7203, 7256, 7265, 7271, 7296, 7329, 7361, 7367, 7372, 7454, 7476, 7490, 7536, 7592, 7659, 7682, 7709, 7725, 7763, 7814, 7851, 7914, 7956, 7972, 8049, 8084, 8098, 8119, 8163, 8175, 8183, 8203, 8242, 8256, 8264

6º - casa (93x)
Linhas: 389, 407, 688, 701, 766, 783, 901, 905, 964, 997, 1234, 1272, 1309, 1490, 1568, 2018, 2056, 2157, 2316, 2462, 2525, 2680, 2694, 2779, 2818, 3059, 3094, 3104, 3125, 3205, 3341, 3473, 3576, 3785, 3862, 3864, 3922, 3955, 3960, 4007, 4023, 4053, 4173, 4276, 4345, 4357, 4361, 4382, 4410, 4438, 4506, 4644, 4693, 4802, 4835, 4911, 4924, 4924, 4943, 5019, 5040, 5061, 5094, 5164, 5200, 5227, 5402, 5430, 5431, 5442, 5454, 5462, 5503, 5654, 5710, 5810, 5912, 6135, 6155, 6207, 6215, 6220, 6346, 6385, 6546, 6579, 6601, 7613, 7693, 7776, 7984, 8212, 8235

7º - cousa (131x)
Linhas: 44, 155, 198, 285, 486, 562, 603, 614, 638, 641, 718, 718, 744, 768, 773, 834, 878, 1071, 1074, 1165, 1226, 1240, 1244, 1250, 1278, 1293, 1316, 1334, 1373, 1392, 1419, 1425, 1477, 1591, 1615, 1684, 1866, 2025, 2032, 2038, 2072, 2263, 2475, 2477, 2537, 2585, 2685, 2687, 2746, 2823, 2878, 2949, 2958, 2995, 3009, 3045, 3148, 3210, 3244, 3322, 3343, 3384, 3429, 3444, 3486, 3499, 3504, 3574, 3709, 3764, 3852, 3855, 4011, 4057, 4192, 4387, 4567, 4583, 4676, 4684, 4812, 4847, 4974, 4998, 5135, 5164, 5201, 5205, 5244, 5247, 5268, 5303, 5391, 5532, 5604, 5858, 5925, 5931, 5951, 5985, 6037, 6051, 6137, 6149, 6203, 6244, 6276, 6536, 6537, 6750, 6751, 6751, 7099, 7169, 7188, 7190, 7280, 7514, 7598, 7598, 7607, 7621, 7668, 7749, 7793, 7890, 7905, 7906, 7928, 8043, 8158

8º - de (174x)
Linhas: 3, 48, 107, 109, 114, 116, 130, 136, 188, 230, 237, 284, 326, 352, 372, 467, 487, 492, 531, 653, 689, 723, 746, 762, 807, 875, 920, 923, 958, 1013, 1028, 1093, 1097, 1152, 1170, 1175, 1264, 1329, 1334, 1336, 1378, 1390, 1476, 1515, 1557, 1673, 1760, 1771, 1789, 1939, 1940, 1964, 1973, 1989, 2296, 2322, 2468, 2613, 2743, 2756, 2843, 2976, 3037, 3045, 3163, 3206, 3270, 3292, 3384, 3404, 3451, 3483, 3497, 3527, 3529, 3682, 3700, 3725, 3744, 3755, 3765, 3802, 3814, 3815, 3831, 3868, 4007, 4070, 4093, 4178, 4203, 4285, 4290, 4301, 4346, 4377, 4446, 4452, 4491, 4496, 4498, 4645, 4665, 4668, 4735, 4799, 4897, 4927, 4945, 4972, 5049, 5086, 5105, 5142, 5168, 5233, 5288, 5303, 5310, 5346, 5429, 5494, 5592, 5646, 5663, 5698, 5758, 5839, 5858, 5954, 5957, 5959, 5979, 5989, 6083, 6134, 6225, 6320, 6321, 6332, 6370, 6548, 6639, 6692, 6693, 6703, 6829, 6932, 6969, 7045, 7140, 7165, 7231, 7238, 7278, 7305, 7339, 7380, 7387, 7391, 7420, 7513, 7518, 7526, 7599, 7719, 7857, 7874, 7899, 8007, 8092, 8109, 8140, 8146

9º - depois (144x)
Linhas: 234, 255, 377, 385, 422, 463, 583, 657, 780, 898, 1004, 1145, 1233, 1292, 1292, 1330, 1363, 1442, 1502, 1514, 1551, 1572, 1616, 1623, 1637, 1637, 1640, 1652, 1665, 1682, 1691, 1785, 2014, 2026, 2071, 2100, 2131, 2138, 2143, 2143, 2196, 2222, 2253, 2264, 2403, 2607, 2651, 2656, 2981, 3042, 3088, 3165, 3168, 3205, 3250, 3339, 3357, 3441, 3497, 3674, 3710, 3746, 3768, 3771, 3803, 3873, 3885, 3908, 4007, 4065, 4120, 4168, 4231, 4375, 4410, 4497, 4498, 4498, 4512, 4569, 4618, 4643, 4649, 4694, 4701, 4719, 4749, 4807, 4822, 4835, 5056, 5059, 5095, 5175, 5199, 5229, 5267, 5271, 5309, 5366, 5466, 5481, 5516, 5585, 5673, 5774, 5839, 5961, 5965, 6002, 6054, 6069, 6093, 6186, 6207, 6246, 6270, 6288, 6345, 6368, 6430, 6432, 6463, 6576, 6769, 7067, 7070, 7105, 7138, 7183, 7190, 7317, 7401, 7693, 7696, 7746, 7820, 7837, 7923, 7950, 8136, 8198, 8211, 8235

10º - dia (83x)
Linhas: 171, 320, 338, 585, 639, 740, 749, 760, 781, 791, 836, 970, 1100, 1113, 1147, 1209, 1296, 1321, 1350, 1359, 1629, 1653, 1654, 1665, 1681, 1713, 1765, 1927, 1966, 2016, 2048, 2143, 2306, 2399, 2463, 2467, 2495, 2533, 2535, 2716, 2860, 2979, 2988, 3270, 3332, 3389, 3481, 3501, 3675, 3710, 3718, 4173, 4623, 4652, 4722, 4835, 4856, 4991, 5085, 5088, 5172, 5199, 5348, 5454, 5460, 5591, 5865, 5979, 6059, 6269, 6270, 6295, 6429, 6557, 6904, 6939, 7378, 7499, 7695, 7776, 7924, 8020, 8185

11º - disse (119x)
Linhas: 414, 424, 473, 524, 535, 557, 638, 649, 996, 1090, 1102, 1227, 1241, 1249, 1361, 1416, 1436, 1496, 1509, 1606, 1622, 1625, 1706, 1718, 1793, 1807, 2055, 2123, 2131, 2152, 2293, 2305, 2340, 2354, 2380, 2418, 2430, 2481, 2613, 2643, 2746, 2762, 2786, 2789, 2808, 2815, 2831, 3094, 3110, 3154, 3170, 3172, 3177, 3328, 3347, 3375, 3455, 3707, 3766, 3819, 3837, 3849, 3879, 3889, 3906, 3910, 3937, 4017, 4029, 4189, 4202, 4219, 4246, 4436, 4719, 4751, 4791, 4845, 4879, 4894, 4974, 4994, 5030, 5054, 5154, 5184, 5186, 5360, 5362, 5497, 5505, 5710, 5786, 5817, 6131, 6155, 6169, 6183, 6277, 6405, 6407, 6504, 6862, 6868, 6913, 6945, 7069, 7221, 7302, 7635, 7639, 7691, 7793, 7865, 7900, 8026, 8090, 8105, 8128

12º - e (149x)
Linhas: 60, 135, 315, 388, 460, 464, 479, 485, 505, 511, 525, 547, 605, 624, 659, 665, 688, 815, 833, 862, 898, 913, 1049, 1062, 1066, 1133, 1218, 1427, 1429, 1474, 1514, 1751, 1862, 1874, 1890, 1909, 1919, 2025, 2083, 2114, 2126, 2221, 2312, 2337, 2365, 2404, 2472, 2528, 2536, 2611, 2642, 2656, 2867, 2975, 2992, 2993, 3062, 3159, 3185, 3221, 3252, 3254, 3344, 3375, 3395, 3419, 3465, 3468, 3570, 3675, 3681, 3796, 3806, 3875, 3910, 3992, 4018, 4137, 4331, 4332, 4464, 4501, 4503, 4541, 4542, 4650, 4732, 4757, 4761, 4800, 4914, 5025, 5081, 5108, 5117, 5155, 5197, 5227, 5338, 5412, 5441, 5667, 5693, 5707, 5738, 5819, 5821, 5838, 5840, 5859, 5875, 5910, 6120, 6187, 6202, 6210, 6355, 6464, 6542, 6592, 6698, 6714, 6768, 6845, 6900, 6906, 6998, 7002, 7058, 7067, 7126, 7163, 7184, 7212, 7236, 7344, 7350, 7398, 7414, 7741, 7790, 7806, 7892, 7930, 8003, 8184, 8214, 8260, 8261

13º - ella (147x)
Linhas: 272, 298, 337, 535, 557, 598, 630, 1102, 1209, 1211, 1218, 1227, 1237, 1248, 1249, 1315, 1322, 1333, 1335, 1373, 1429, 1436, 1447, 1466, 1476, 1500, 1524, 1534, 1560, 1642, 1873, 1932, 2020, 2077, 2081, 2084, 2318, 2321, 2340, 2366, 2370, 2387, 2401, 2404, 2411, 2418, 2423, 2433, 2441, 2447, 2496, 2502, 2541, 2547, 2613, 2615, 2617, 2620, 2688, 2701, 2740, 2746, 2776, 2786, 2818, 2898, 2928, 2935, 3073, 3135, 3330, 3333, 3335, 3347, 3360, 3409, 3526, 3678, 4035, 4063, 4073, 4135, 4215, 4219, 4258, 4285, 4366, 4383, 4616, 4644, 4658, 4683, 4725, 4752, 4791, 4880, 4885, 4913, 4944, 4994, 5157, 5195, 5241, 5243, 5268, 5304, 5308, 5386, 5400, 5427, 5454, 5613, 5698, 5728, 5734, 5782, 5819, 5821, 5882, 5984, 5989, 6031, 6045, 6060, 6079, 6093, 6096, 6169, 6185, 6219, 6353, 6405, 6484, 6509, 6562, 6827, 6842, 6867, 6900, 6931, 6945, 7336, 7351, 7621, 7696, 7717, 7874

14º - elle (196x)
Linhas: 234, 480, 771, 778, 808, 880, 897, 900, 920, 956, 1005, 1021, 1060, 1061, 1072, 1135, 1156, 1171, 1196, 1289, 1291, 1416, 1608, 1612, 1622, 1625, 1656, 1660, 1677, 1686, 1699, 1706, 1710, 1720, 1730, 1734, 1800, 1804, 1807, 1843, 1870, 1882, 1914, 1972, 1998, 2076, 2099, 2139, 2293, 2295, 2643, 2683, 2685, 2808, 2815, 2879, 2982, 3017, 3154, 3177, 3239, 3249, 3253, 3275, 3300, 3476, 3564, 3766, 3772, 3798, 3833, 3837, 3868, 3881, 3902, 3910, 4014, 4015, 4056, 4058, 4067, 4071, 4072, 4086, 4220, 4331, 4417, 4425, 4432, 4433, 4449, 4451, 4468, 4535, 4580, 4594, 4610, 4837, 4944, 4965, 5056, 5101, 5196, 5198, 5204, 5225, 5356, 5363, 5382, 5395, 5427, 5430, 5440, 5477, 5481, 5499, 5552, 5558, 5558, 5558, 5558, 5638, 5641, 5646, 5657, 5663, 5668, 5670, 5776, 5900, 5902, 5928, 6134, 6216, 6244, 6295, 6302, 6321, 6326, 6327, 6338, 6350, 6431, 6435, 6439, 6449, 6513, 6622, 6657, 6657, 6671, 6683, 6686, 6708, 6732, 6807, 6862, 6863, 6897, 6927, 6953, 6954, 6961, 6975, 7067, 7073, 7078, 7147, 7212, 7378, 7443, 7506, 7517, 7554, 7558, 7574, 7576, 7602, 7643, 7665, 7746, 7787, 7790, 7831, 7840, 7857, 7865, 7900, 7936, 8022, 8026, 8105, 8130, 8137, 8163, 8230

15º - então (85x)
Linhas: 180, 238, 336, 363, 363, 520, 548, 579, 624, 630, 649, 652, 670, 769, 1030, 1153, 1473, 1503, 1731, 1784, 1787, 1918, 2026, 2029, 2108, 2174, 2196, 2217, 2297, 2362, 2430, 2478, 2484, 2493, 2648, 2767, 2786, 2974, 2992, 3013, 3241, 3293, 3330, 3342, 3551, 3680, 3745, 3798, 3954, 3961, 4204, 4282, 4323, 4626, 4647, 4762, 5022, 5105, 5227, 5358, 5436, 5436, 5542, 5552, 5555, 5813, 6035, 6060, 6102, 6225, 6272, 6434, 6515, 6806, 6868, 6906, 7003, 7070, 7189, 7347, 7397, 7444, 7755, 7836, 8074

16º - era (483x)
Linhas: 109, 130, 133, 136, 178, 190, 196, 198, 216, 230, 231, 260, 276, 324, 336, 354, 371, 381, 388, 392, 420, 441, 480, 485, 508, 516, 523, 525, 549, 551, 578, 610, 623, 624, 671, 676, 676, 688, 701, 743, 778, 830, 834, 841, 874, 877, 893, 903, 913, 915, 924, 927, 930, 954, 957, 960, 995, 1013, 1054, 1066, 1072, 1077, 1078, 1087, 1131, 1153, 1169, 1191, 1192, 1201, 1208, 1214, 1234, 1287, 1287, 1290, 1294, 1302, 1309, 1317, 1322, 1344, 1348, 1371, 1400, 1447, 1466, 1472, 1479, 1485, 1558, 1563, 1563, 1570, 1573, 1596, 1600, 1615, 1657, 1658, 1675, 1680, 1691, 1704, 1733, 1762, 1768, 1795, 1799, 1803, 1819, 1821, 1822, 1828, 1848, 1882, 1884, 1905, 1915, 1926, 1936, 1948, 1964, 1971, 2013, 2022, 2027, 2049, 2053, 2085, 2097, 2111, 2124, 2196, 2197, 2200, 2205, 2207, 2208, 2213, 2217, 2295, 2298, 2315, 2320, 2366, 2406, 2415, 2418, 2424, 2433, 2442, 2444, 2445, 2447, 2475, 2475, 2492, 2500, 2506, 2521, 2524, 2534, 2619, 2629, 2630, 2694, 2721, 2724, 2728, 2740, 2743, 2749, 2757, 2760, 2769, 2770, 2788, 2793, 2838, 2855, 2897, 2898, 2917, 2918, 2920, 2929, 2934, 2971, 2974, 2980, 3020, 3024, 3028, 3036, 3143, 3220, 3237, 3254, 3333, 3359, 3384, 3392, 3392, 3396, 3407, 3408, 3462, 3471, 3484, 3485, 3485, 3492, 3494, 3518, 3521, 3522, 3680, 3708, 3716, 3725, 3726, 3739, 3741, 3748, 3772, 3808, 3826, 3831, 3875, 3876, 3951, 3951, 3955, 3960, 3970, 3986, 3987, 3989, 4009, 4037, 4043, 4070, 4121, 4133, 4134, 4160, 4191, 4196, 4229, 4244, 4256, 4278, 4284, 4290, 4296, 4357, 4368, 4370, 4386, 4394, 4411, 4426, 4444, 4446, 4449, 4465, 4491, 4516, 4518, 4577, 4607, 4612, 4620, 4630, 4645, 4652, 4673, 4675, 4760, 4761, 4778, 4787, 4799, 4800, 4824, 4847, 4890, 4927, 4927, 4930, 4971, 4975, 4992, 5016, 5022, 5026, 5028, 5032, 5044, 5049, 5080, 5091, 5111, 5115, 5121, 5156, 5158, 5177, 5200, 5233, 5239, 5245, 5249, 5345, 5354, 5368, 5386, 5399, 5432, 5437, 5534, 5540, 5540, 5550, 5563, 5595, 5601, 5622, 5636, 5640, 5644, 5653, 5664, 5666, 5667, 5668, 5692, 5728, 5735, 5738, 5743, 5773, 5785, 5786, 5794, 5809, 5817, 5911, 5913, 5915, 5920, 5985, 6002, 6034, 6077, 6106, 6109, 6117, 6121, 6134, 6165, 6189, 6204, 6214, 6216, 6224, 6260, 6273, 6273, 6274, 6274, 6274, 6274, 6274, 6295, 6299, 6312, 6312, 6325, 6327, 6333, 6385, 6390, 6391, 6395, 6414, 6438, 6457, 6536, 6548, 6582, 6636, 6638, 6702, 6716, 6725, 6732, 6745, 6812, 6836, 6844, 6856, 6863, 6864, 6868, 6882, 6882, 6897, 6900, 6907, 6911, 6931, 6933, 6934, 6955, 6958, 6960, 6968, 6972, 6979, 7008, 7009, 7062, 7066, 7143, 7145, 7185, 7210, 7211, 7223, 7229, 7277, 7279, 7282, 7286, 7287, 7290, 7304, 7311, 7337, 7405, 7413, 7416, 7428, 7434, 7502, 7508, 7518, 7531, 7554, 7582, 7599, 7616, 7628, 7630, 7641, 7698, 7731, 7738, 7745, 7779, 7784, 7800, 7821, 7834, 7846, 7985, 8013, 8039, 8073, 8113, 8127, 8135, 8195, 8213, 8216, 8226, 8231, 8236, 8237, 8304, 8384

17º - esta (77x)
Linhas: 114, 333, 465, 494, 530, 577, 698, 909, 1109, 1396, 1745, 1871, 2032, 2039, 2323, 2364, 2420, 2444, 2584, 2596, 2652, 2667, 2769, 2884, 2950, 3094, 3101, 3143, 3358, 3674, 3716, 3792, 4013, 4025, 4083, 4162, 4186, 4356, 4547, 4670, 4931, 5158, 5241, 5391, 5540, 5613, 5614, 5724, 5735, 5955, 6051, 6148, 6291, 6296, 6370, 6538, 6631, 6655, 6752, 6783, 6913, 7056, 7062, 7148, 7192, 7249, 7346, 7422, 7464, 7741, 7757, 7773, 7880, 7895, 8042, 8190, 8196

18º - estava (93x)
Linhas: 318, 351, 380, 389, 431, 837, 953, 1052, 1237, 1427, 1492, 1596, 1596, 1665, 1766, 1789, 1877, 1878, 1919, 1932, 2034, 2253, 2435, 2462, 2719, 2726, 2863, 2898, 2918, 3019, 3022, 3163, 3334, 3351, 3442, 3517, 3671, 3706, 3886, 4014, 4133, 4158, 4228, 4357, 4388, 4679, 4691, 4761, 4803, 4822, 4876, 4896, 4949, 4991, 5002, 5035, 5163, 5350, 5382, 5405, 5517, 5562, 5641, 5671, 5724, 5903, 6039, 6069, 6075, 6139, 6229, 6429, 6433, 6465, 6574, 6618, 6677, 6723, 6835, 6839, 6930, 7080, 7186, 7324, 7524, 7568, 7576, 7601, 8015, 8181, 8209, 8223, 8224

19º - foi (154x)
Linhas: 102, 124, 124, 151, 157, 185, 215, 224, 238, 257, 319, 321, 330, 525, 644, 724, 724, 738, 789, 923, 996, 1069, 1109, 1195, 1197, 1204, 1206, 1271, 1278, 1279, 1283, 1286, 1321, 1444, 1511, 1513, 1534, 1681, 1695, 1756, 1871, 1910, 1913, 1935, 1944, 1995, 2081, 2104, 2108, 2172, 2278, 2374, 2404, 2434, 2467, 2484, 2499, 2527, 2555, 2586, 2613, 2627, 2702, 2793, 2823, 2906, 2915, 2976, 2980, 3019, 3034, 3268, 3317, 3342, 3361, 3403, 3441, 3536, 3548, 3993, 4178, 4182, 4327, 4356, 4524, 4689, 4691, 4695, 4735, 4751, 4795, 4815, 4821, 4843, 4877, 4892, 5077, 5094, 5154, 5255, 5269, 5287, 5325, 5343, 5355, 5501, 5515, 5638, 5649, 5686, 5854, 5870, 5959, 5978, 5990, 6036, 6050, 6092, 6093, 6096, 6127, 6163, 6183, 6190, 6206, 6289, 6293, 6368, 6558, 6587, 6640, 6693, 6694, 6866, 6873, 6905, 6944, 7001, 7047, 7219, 7308, 7426, 7427, 7578, 7615, 7702, 7924, 8128, 8133, 8153, 8164, 8190, 8196, 8249

20º - homem (94x)
Linhas: 199, 230, 283, 317, 351, 619, 624, 630, 659, 830, 893, 915, 1019, 1072, 1154, 1191, 1417, 1585, 1633, 1990, 2119, 2227, 2259, 2259, 2261, 2312, 2427, 2428, 2586, 2694, 2755, 2840, 2974, 2995, 3280, 3345, 3567, 3755, 3797, 3806, 3933, 4586, 5035, 5061, 5342, 5412, 5556, 5608, 5631, 5635, 5672, 5794, 5926, 5994, 6013, 6077, 6102, 6311, 6553, 6623, 6625, 6626, 6656, 6664, 6665, 6666, 6687, 6708, 6722, 6730, 6965, 7066, 7104, 7116, 7234, 7236, 7238, 7239, 7322, 7385, 7405, 7554, 7567, 7586, 7641, 7643, 7645, 7925, 7964, 8034, 8071, 8114, 8127, 8372

21º - já (77x)
Linhas: 212, 338, 353, 483, 593, 652, 670, 688, 702, 953, 1024, 1040, 1049, 1164, 1263, 1421, 1638, 1731, 1787, 1861, 1915, 1938, 1995, 2051, 2070, 2110, 2201, 2354, 2446, 2458, 2495, 2627, 2772, 2856, 2886, 2984, 3013, 3130, 3130, 3130, 3220, 3503, 3516, 3706, 3707, 3754, 3931, 3963, 4133, 4388, 4588, 4608, 4896, 4946, 5089, 5190, 5243, 5435, 5562, 5586, 5634, 5658, 5704, 5728, 5741, 6086, 6317, 6395, 6439, 6767, 6806, 6868, 7284, 7311, 7338, 7339, 7346

22º - mais (248x)
Linhas: 103, 103, 117, 120, 131, 132, 146, 173, 198, 199, 286, 333, 334, 357, 373, 376, 396, 417, 465, 486, 512, 549, 555, 580, 582, 587, 589, 609, 610, 657, 708, 766, 771, 786, 789, 834, 864, 881, 881, 888, 918, 931, 938, 970, 972, 996, 1005, 1006, 1058, 1097, 1131, 1135, 1163, 1202, 1237, 1292, 1292, 1397, 1398, 1487, 1514, 1588, 1689, 1733, 1785, 1785, 1840, 1845, 1846, 1874, 1919, 1953, 1971, 2036, 2041, 2061, 2124, 2199, 2200, 2201, 2213, 2271, 2366, 2420, 2442, 2459, 2688, 2743, 2750, 2788, 2788, 2836, 2863, 2901, 2936, 2974, 2975, 2975, 2975, 3026, 3043, 3094, 3130, 3157, 3158, 3202, 3222, 3222, 3238, 3250, 3279, 3296, 3342, 3389, 3406, 3429, 3448, 3465, 3473, 3522, 3534, 3563, 3664, 3668, 3701, 3772, 3794, 3809, 3927, 4027, 4053, 4132, 4134, 4139, 4170, 4216, 4279, 4352, 4417, 4445, 4501, 4522, 4569, 4623, 4650, 4691, 4693, 4783, 4814, 4845, 4846, 5013, 5013, 5014, 5082, 5094, 5098, 5113, 5176, 5251, 5267, 5269, 5270, 5270, 5386, 5396, 5408, 5414, 5466, 5466, 5533, 5660, 5687, 5698, 5732, 5864, 5864, 5902, 5928, 5995, 6029, 6033, 6043, 6067, 6165, 6187, 6269, 6289, 6321, 6339, 6356, 6505, 6547, 6604, 6625, 6628, 6674, 6716, 6810, 6812, 6861, 6902, 6907, 6911, 6963, 7045, 7048, 7056, 7059, 7069, 7163, 7250, 7250, 7286, 7286, 7338, 7338, 7345, 7346, 7445, 7467, 7498, 7504, 7584, 7604, 7605, 7608, 7640, 7648, 7651, 7671, 7746, 7750, 7842, 7876, 7882, 7890, 7896, 7906, 7932, 8076, 8091, 8111, 8144, 8153, 8164, 8188, 8194

23º - mas (364x)
Linhas: 58, 63, 101, 104, 126, 157, 212, 218, 233, 243, 258, 318, 354, 378, 388, 412, 417, 455, 472, 478, 525, 594, 595, 623, 648, 667, 670, 694, 723, 745, 772, 811, 816, 849, 862, 864, 868, 881, 922, 927, 932, 934, 950, 964, 994, 995, 1004, 1041, 1054, 1061, 1066, 1071, 1102, 1113, 1205, 1238, 1263, 1284, 1287, 1291, 1304, 1317, 1332, 1371, 1427, 1453, 1524, 1550, 1552, 1570, 1603, 1628, 1657, 1660, 1673, 1706, 1720, 1731, 1770, 1787, 1789, 1803, 1815, 1824, 1832, 1837, 1846, 1881, 1888, 1891, 1901, 1941, 1961, 1975, 1992, 1999, 2019, 2067, 2123, 2196, 2204, 2224, 2262, 2272, 2305, 2307, 2365, 2367, 2388, 2409, 2431, 2496, 2506, 2508, 2529, 2533, 2539, 2543, 2564, 2619, 2627, 2695, 2719, 2727, 2729, 2757, 2769, 2816, 2827, 2858, 2930, 2972, 2994, 3015, 3028, 3030, 3037, 3076, 3099, 3170, 3180, 3185, 3189, 3210, 3215, 3241, 3252, 3298, 3340, 3353, 3377, 3382, 3389, 3403, 3443, 3451, 3452, 3459, 3462, 3534, 3548, 3570, 3573, 3661, 3666, 3703, 3723, 3726, 3758, 3766, 3771, 3921, 3932, 3958, 3960, 3963, 4009, 4012, 4015, 4018, 4044, 4048, 4180, 4200, 4229, 4263, 4272, 4287, 4302, 4320, 4372, 4414, 4444, 4473, 4475, 4490, 4507, 4537, 4612, 4621, 4626, 4652, 4659, 4675, 4679, 4690, 4728, 4760, 4806, 4812, 4845, 4854, 4896, 4898, 4950, 4965, 5020, 5059, 5094, 5109, 5117, 5121, 5142, 5161, 5180, 5196, 5204, 5234, 5290, 5334, 5367, 5382, 5390, 5405, 5416, 5464, 5517, 5583, 5621, 5652, 5660, 5668, 5688, 5689, 5691, 5699, 5709, 5778, 5792, 5810, 5819, 5880, 5898, 5903, 5917, 5953, 5985, 5988, 6013, 6059, 6075, 6107, 6127, 6186, 6244, 6271, 6293, 6308, 6311, 6317, 6347, 6396, 6398, 6429, 6433, 6443, 6455, 6478, 6482, 6536, 6541, 6551, 6562, 6576, 6580, 6635, 6668, 6683, 6691, 6706, 6720, 6724, 6749, 6780, 6828, 6859, 6882, 6930, 6934, 6945, 6946, 6956, 6961, 6975, 6981, 7008, 7015, 7049, 7062, 7109, 7113, 7123, 7166, 7172, 7186, 7233, 7243, 7265, 7284, 7290, 7317, 7344, 7353, 7367, 7380, 7404, 7410, 7429, 7465, 7503, 7517, 7576, 7582, 7599, 7605, 7628, 7631, 7675, 7688, 7700, 7703, 7777, 7782, 7787, 7862, 7876, 7882, 7890, 7900, 7928, 7939, 7949, 8009, 8015, 8017, 8058, 8106, 8140, 8160, 8166, 8190, 8209, 8223, 8303

24º - menos (96x)
Linhas: 60, 136, 151, 157, 178, 287, 322, 322, 361, 380, 455, 486, 585, 585, 628, 829, 983, 996, 1002, 1140, 1205, 1399, 1400, 1413, 1449, 1452, 1485, 1550, 1631, 1908, 1921, 1921, 1926, 2021, 2280, 2534, 3100, 3163, 3166, 3204, 3248, 3297, 3442, 3464, 3465, 3481, 3483, 3551, 3701, 3719, 4113, 4167, 4179, 4292, 4424, 4508, 4796, 4808, 4858, 5035, 5051, 5346, 5363, 5389, 5486, 5576, 5603, 5640, 5732, 5986, 6067, 6075, 6099, 6296, 6998, 7055, 7240, 7240, 7245, 7281, 7305, 7439, 7556, 7585, 7835, 7882, 7886, 7904, 7927, 7929, 7932, 7936, 7965, 8061, 8070, 8091

25º - mesmo (89x)
Linhas: 438, 543, 553, 579, 1049, 1061, 1390, 1473, 1558, 1559, 1598, 1800, 1839, 1981, 1990, 2070, 2123, 2147, 2224, 2306, 2410, 2422, 2610, 2629, 2768, 2772, 2783, 2793, 2805, 2863, 2909, 3028, 3215, 3221, 3254, 3395, 3459, 3501, 3548, 3674, 4013, 4127, 4163, 4323, 4450, 4496, 4572, 4588, 4662, 4802, 4812, 4915, 5005, 5085, 5121, 5233, 5357, 5582, 5638, 5708, 5743, 6013, 6105, 6151, 6223, 6263, 6353, 6448, 6483, 6623, 6638, 6657, 6669, 6692, 6698, 6703, 6805, 6903, 6953, 6977, 7185, 7351, 7439, 7506, 7698, 7746, 7845, 8185, 8227

26º - minha (162x)
Linhas: 99, 108, 115, 138, 158, 215, 222, 241, 241, 255, 276, 292, 321, 368, 456, 482, 535, 568, 802, 808, 814, 830, 839, 854, 863, 874, 878, 882, 886, 930, 980, 1053, 1070, 1084, 1109, 1136, 1162, 1163, 1189, 1275, 1286, 1293, 1444, 1474, 1533, 1551, 1803, 1872, 1882, 1905, 1917, 1985, 2014, 2037, 2081, 2084, 2104, 2107, 2148, 2213, 2316, 2352, 2426, 2467, 2468, 2612, 2631, 2664, 2696, 2718, 2759, 2762, 2785, 2981, 2984, 3154, 3203, 3244, 3317, 3375, 3380, 3387, 3391, 3392, 3402, 3448, 3517, 3667, 3682, 3889, 4171, 4171, 4196, 4229, 4328, 4360, 4518, 4669, 4756, 4813, 4857, 4879, 4889, 4889, 4894, 4925, 4992, 5016, 5026, 5032, 5089, 5282, 5343, 5360, 5367, 5540, 5596, 5600, 5606, 5722, 5800, 5812, 5924, 6050, 6104, 6108, 6290, 6347, 6398, 6542, 6588, 6616, 6766, 6808, 6944, 7002, 7009, 7054, 7142, 7143, 7243, 7304, 7337, 7439, 7469, 7502, 7518, 7569, 7640, 7648, 7653, 7689, 7782, 7800, 7987, 8110, 8141, 8152, 8164, 8192, 8235, 8248

27º - muito (124x)
Linhas: 151, 267, 282, 366, 381, 696, 784, 805, 845, 900, 905, 973, 1063, 1080, 1103, 1306, 1365, 1393, 1457, 1486, 1496, 1514, 1550, 1588, 1595, 1616, 1638, 1671, 1734, 1758, 1801, 1883, 2072, 2198, 2208, 2400, 2403, 2409, 2620, 2668, 2828, 2841, 2862, 2906, 2930, 3101, 3158, 3186, 3222, 3266, 3300, 3330, 3347, 3474, 3482, 3862, 4018, 4038, 4060, 4071, 4075, 4088, 4120, 4251, 4281, 4359, 4432, 4476, 4506, 4563, 4631, 4663, 4674, 4680, 4791, 4843, 4944, 4944, 5091, 5180, 5188, 5228, 5267, 5356, 5422, 5533, 5650, 5651, 5657, 5657, 5660, 5667, 5671, 5739, 5776, 5901, 5911, 6031, 6034, 6044, 6044, 6078, 6206, 6246, 6455, 6504, 6583, 6683, 6958, 6970, 7060, 7114, 7188, 7367, 7504, 7586, 7620, 7671, 7783, 7785, 7939, 8090, 8131, 8225

28º - nada (99x)
Linhas: 178, 276, 352, 357, 373, 376, 433, 524, 549, 589, 741, 742, 772, 788, 788, 898, 930, 1061, 1139, 1140, 1206, 1236, 1250, 1428, 1485, 1598, 1654, 1809, 1919, 2000, 2044, 2305, 2493, 2616, 2699, 2748, 2928, 2956, 3157, 3160, 3352, 3406, 3464, 3491, 3548, 3664, 3761, 3761, 3769, 3837, 3853, 3853, 3855, 4571, 4591, 4680, 4845, 4876, 4925, 4989, 5016, 5035, 5159, 5346, 5529, 5530, 5542, 5543, 5562, 5817, 5821, 5908, 5915, 6046, 6047, 6048, 6083, 6083, 6165, 6244, 6347, 6383, 6643, 6670, 6861, 7048, 7069, 7113, 7123, 7149, 7582, 7747, 7831, 7837, 7873, 8040, 8154, 8156, 8194

29º - nem (121x)
Linhas: 45, 46, 46, 111, 126, 133, 286, 286, 319, 423, 560, 563, 609, 634, 745, 746, 855, 874, 1035, 1074, 1269, 1269, 1270, 1399, 1400, 1598, 1662, 1758, 1790, 1862, 1974, 1996, 1996, 1996, 1996, 2000, 2052, 2146, 2439, 2439, 2468, 2473, 2760, 2875, 2876, 2928, 2975, 2975, 2975, 3044, 3045, 3045, 3148, 3160, 3211, 3211, 3391, 3489, 3491, 3491, 3494, 3668, 3702, 3814, 3845, 3854, 3855, 4007, 4024, 4024, 4045, 4064, 4193, 4281, 4689, 4806, 4853, 4918, 4970, 5427, 5533, 5542, 5543, 5543, 5543, 5587, 5908, 5915, 6047, 6048, 6247, 6261, 6262, 6272, 6272, 6436, 6436, 6436, 6537, 6645, 6645, 6718, 6726, 6780, 7168, 7320, 7352, 7583, 7671, 7756, 7823, 7832, 7858, 7906, 7980, 8106, 8155, 8194, 8195, 8260, 8261

30º - não (81x)
Linhas: 44, 407, 856, 894, 897, 1004, 1348, 1417, 1434, 1614, 1920, 1996, 1999, 2073, 2202, 2443, 2567, 2612, 2619, 2654, 2695, 2748, 2817, 3008, 3014, 3076, 3137, 3207, 3279, 3341, 3716, 3763, 3852, 3857, 3864, 3876, 3932, 4008, 4044, 4158, 4220, 4258, 4269, 4414, 4563, 4654, 4677, 4796, 4847, 4987, 5268, 5282, 5341, 5355, 5582, 5665, 5691, 5914, 5917, 5986, 5995, 6049, 6276, 6290, 6316, 6394, 6505, 6574, 6650, 6723, 6804, 6933, 7011, 7403, 7718, 7787, 7821, 7937, 8057, 8236, 8258

31º - o (122x)
Linhas: 104, 118, 158, 159, 223, 257, 268, 357, 515, 554, 586, 595, 598, 611, 654, 658, 996, 997, 1063, 1073, 1087, 1134, 1169, 1172, 1422, 1504, 1513, 1599, 1660, 1682, 1790, 1823, 1835, 1847, 1976, 2253, 2481, 2587, 2701, 2722, 2785, 2880, 2916, 2980, 3064, 3066, 3239, 3389, 3445, 3457, 3566, 3574, 3752, 3826, 3956, 4012, 4120, 4127, 4202, 4216, 4246, 4345, 4506, 4614, 4615, 4625, 5048, 5156, 5158, 5169, 5354, 5434, 5460, 5462, 5464, 5795, 5834, 5916, 5960, 6093, 6190, 6205, 6269, 6303, 6350, 6448, 6622, 6647, 6707, 6729, 6732, 6746, 6749, 6855, 6861, 6881, 7010, 7111, 7145, 7290, 7311, 7335, 7353, 7390, 7466, 7498, 7552, 7628, 7649, 7698, 7746, 7785, 7839, 7868, 7872, 7906, 7934, 7943, 8010, 8026, 8141, 8149

32º - olhos (123x)
Linhas: 137, 483, 488, 490, 580, 613, 651, 807, 1001, 1026, 1047, 1059, 1088, 1096, 1110, 1157, 1160, 1189, 1203, 1236, 1305, 1430, 1502, 1523, 1592, 1604, 1635, 1696, 1705, 1746, 1764, 1872, 1945, 2182, 2245, 2297, 2318, 2371, 2372, 2429, 2443, 2504, 2507, 2521, 2560, 2653, 2733, 2741, 2766, 2772, 2774, 2910, 3036, 3091, 3275, 3299, 3416, 3446, 3468, 3488, 3517, 3763, 3794, 3831, 3834, 3868, 3957, 3994, 4039, 4092, 4165, 4167, 4174, 4230, 4258, 4293, 4390, 4508, 4522, 4546, 4548, 4630, 4677, 4683, 4731, 4734, 4756, 4782, 4885, 4945, 5025, 5122, 5154, 5309, 5491, 5541, 5554, 5557, 5689, 5745, 5805, 5857, 5864, 6062, 6074, 6074, 6210, 6556, 6704, 6849, 6856, 6860, 6860, 7110, 7566, 7571, 7829, 7883, 7901, 7979, 8190, 8232, 8232

33º - outra (102x)
Linhas: 192, 364, 596, 615, 748, 834, 1027, 1046, 1110, 1270, 1316, 1373, 1419, 1597, 1747, 1974, 2025, 2148, 2280, 2381, 2400, 2475, 2477, 2528, 2667, 2742, 2780, 2786, 2878, 2918, 2949, 2950, 2979, 3009, 3210, 3334, 3349, 3351, 3361, 3427, 3457, 3469, 3486, 3499, 3534, 3570, 3670, 3700, 3705, 3756, 3921, 3932, 3933, 3960, 3989, 4331, 4490, 4567, 4569, 4619, 4676, 4684, 4733, 4757, 4782, 4808, 4919, 4998, 5230, 5242, 5247, 5266, 5303, 5355, 5391, 5421, 5554, 5836, 5837, 5858, 5912, 5918, 6050, 6137, 6170, 6190, 6327, 6329, 6369, 6802, 7086, 7108, 7263, 7279, 7307, 7557, 7578, 7600, 7697, 7878, 7906, 8133

34º - outro (104x)
Linhas: 45, 102, 184, 192, 197, 317, 375, 388, 390, 536, 595, 627, 792, 843, 1006, 1006, 1038, 1069, 1281, 1350, 1456, 1565, 1565, 1624, 1847, 1912, 1953, 2074, 2207, 2472, 2533, 2556, 2565, 2629, 2787, 3022, 3035, 3060, 3091, 3161, 3168, 3252, 3300, 3301, 3375, 3404, 3467, 3665, 3827, 3832, 3935, 4025, 4056, 4193, 4389, 4411, 4411, 4447, 4607, 4658, 4732, 4875, 5015, 5040, 5251, 5396, 5582, 5803, 5898, 5984, 6013, 6040, 6047, 6316, 6455, 6479, 6622, 6666, 6670, 6691, 6828, 6829, 6858, 6882, 6939, 6941, 6974, 7006, 7144, 7185, 7235, 7236, 7239, 7285, 7504, 7598, 7826, 7899, 7901, 8011, 8018, 8162, 8213, 8263

35º - porque (119x)
Linhas: 222, 279, 354, 363, 381, 468, 522, 590, 597, 609, 613, 640, 700, 785, 788, 796, 836, 850, 958, 975, 1009, 1059, 1084, 1084, 1209, 1236, 1319, 1397, 1588, 1614, 1655, 1843, 1850, 1916, 1990, 1995, 2202, 2374, 2405, 2418, 2441, 2523, 2554, 2649, 2659, 2660, 2878, 2936, 2968, 2979, 2990, 3211, 3221, 3343, 3391, 3407, 3494, 3505, 3526, 3574, 3663, 3671, 3700, 3702, 3711, 3798, 3800, 3854, 3956, 4058, 4263, 4269, 4286, 4539, 4582, 4655, 4783, 4796, 4852, 4946, 5140, 5221, 5231, 5357, 5402, 5413, 5431, 5532, 5552, 5666, 5799, 5812, 5859, 6047, 6106, 6184, 6216, 6226, 6340, 6562, 6721, 6727, 6729, 6902, 7014, 7162, 7346, 7354, 7505, 7586, 7604, 7874, 7902, 7903, 7903, 8135, 8252, 8262, 8323

36º - pouco (88x)
Linhas: 130, 233, 436, 472, 530, 667, 745, 874, 932, 996, 1102, 1131, 1131, 1215, 1236, 1292, 1294, 1549, 1557, 1665, 1836, 1891, 1925, 2181, 2369, 2381, 2416, 2485, 2485, 2508, 2543, 2628, 2629, 2695, 2729, 2759, 2858, 3094, 3336, 3522, 3716, 3754, 4134, 4255, 4537, 4650, 4846, 5037, 5038, 5149, 5179, 5203, 5226, 5302, 5412, 5412, 5515, 5533, 5539, 5617, 5640, 5643, 5691, 5698, 5709, 5744, 5808, 5817, 5820, 5994, 6070, 6101, 6461, 6575, 6583, 6877, 6963, 7053, 7190, 7212, 7314, 7353, 7566, 7666, 7776, 8136, 8159, 8235

37º - quando (107x)
Linhas: 46, 146, 312, 380, 577, 639, 811, 845, 901, 909, 909, 953, 973, 983, 1031, 1031, 1211, 1284, 1298, 1350, 1361, 1524, 1527, 1593, 1624, 1642, 1661, 1917, 1937, 1989, 2055, 2108, 2214, 2216, 2433, 2462, 2526, 2864, 2865, 2982, 3034, 3166, 3275, 3300, 3549, 3718, 4094, 4275, 4295, 4300, 4323, 4324, 4512, 4682, 4694, 4804, 4918, 4945, 4951, 4951, 5109, 5116, 5235, 5244, 5399, 5440, 5459, 5459, 5460, 5539, 5635, 5671, 5691, 5703, 5703, 5726, 5739, 5916, 5928, 5929, 5952, 6050, 6070, 6326, 6392, 6618, 6703, 6724, 6826, 6838, 6967, 6976, 6978, 6978, 7105, 7236, 7263, 7281, 7302, 7317, 7349, 7468, 7574, 7577, 7797, 7906, 7943

38º - que (158x)
Linhas: 61, 74, 100, 124, 148, 151, 219, 229, 258, 261, 280, 282, 285, 292, 337, 395, 470, 472, 483, 490, 563, 651, 663, 674, 761, 865, 918, 926, 972, 1002, 1035, 1040, 1092, 1192, 1230, 1235, 1321, 1322, 1344, 1397, 1522, 1556, 1598, 1713, 1767, 1864, 1881, 1889, 1948, 1988, 1992, 2067, 2072, 2097, 2108, 2216, 2238, 2254, 2256, 2264, 2308, 2428, 2446, 2534, 2541, 2555, 2786, 2787, 2790, 2793, 2833, 2836, 2936, 2937, 2953, 2994, 3075, 3099, 3304, 3413, 3442, 3481, 3707, 3803, 3902, 3963, 4051, 4279, 4514, 4566, 4764, 4836, 4852, 4926, 5023, 5111, 5119, 5134, 5218, 5224, 5387, 5539, 5734, 5864, 5899, 6031, 6034, 6080, 6086, 6128, 6231, 6288, 6334, 6371, 6412, 6554, 6562, 6575, 6638, 6669, 6690, 6704, 6724, 6808, 6843, 6862, 6952, 6955, 6957, 6958, 6963, 6997, 7049, 7169, 7346, 7407, 7467, 7520, 7633, 7646, 7703, 7744, 7749, 7750, 7769, 7783, 7841, 7878, 7923, 7925, 8013, 8032, 8090, 8162, 8195, 8213, 8223, 8308

39º - ser (93x)
Linhas: 50, 152, 262, 412, 478, 509, 718, 771, 789, 934, 1074, 1097, 1276, 1657, 1657, 1687, 1839, 1942, 1942, 1995, 2259, 2261, 2352, 2382, 2492, 2584, 2877, 3029, 3178, 3203, 3278, 3287, 3421, 3451, 3486, 3490, 3670, 3764, 3784, 3829, 3853, 3990, 4017, 4077, 4077, 4423, 4465, 4550, 4642, 4668, 4674, 4675, 4680, 4723, 5041, 5204, 5345, 5348, 5355, 5435, 5540, 5540, 5552, 5801, 5867, 6034, 6187, 6293, 6429, 6638, 6649, 6803, 6957, 6996, 7048, 7054, 7149, 7150, 7167, 7168, 7169, 7233, 7354, 7385, 7385, 7412, 7654, 7782, 7844, 8001, 8011, 8040, 8142

40º - só (87x)
Linhas: 32, 196, 279, 292, 381, 389, 488, 548, 564, 713, 813, 813, 978, 1036, 1042, 1131, 1236, 1334, 1335, 1628, 1867, 2048, 2107, 2273, 2298, 2659, 2749, 2929, 3014, 3112, 3155, 3212, 3296, 3322, 3412, 3717, 3724, 3754, 3755, 4072, 4135, 4198, 4262, 4285, 4371, 4396, 4396, 4396, 4396, 4397, 4444, 4515, 4578, 4644, 4675, 4690, 4823, 4924, 5194, 5220, 5369, 5486, 5543, 5593, 5645, 5688, 5690, 5801, 5944, 6051, 6289, 6347, 6390, 6513, 6650, 6655, 6746, 6961, 7410, 7427, 7434, 7577, 7639, 7781, 7978, 8168, 8223

41º - tempo (98x)
Linhas: 97, 352, 357, 362, 374, 388, 525, 553, 557, 593, 596, 602, 708, 743, 809, 811, 835, 857, 899, 932, 1130, 1215, 1264, 1316, 1390, 1456, 1558, 1819, 1863, 1964, 2199, 2202, 2221, 2445, 2719, 2754, 2759, 2770, 2772, 2783, 2787, 3035, 3129, 3166, 3215, 3269, 3409, 3574, 3724, 3827, 3832, 3834, 4048, 4088, 4167, 4357, 4649, 4915, 5011, 5046, 5122, 5288, 5310, 5322, 5425, 5541, 5575, 5708, 5775, 5836, 6045, 6184, 6224, 6246, 6316, 6398, 6448, 6455, 6456, 6545, 6551, 6559, 6588, 6657, 6683, 6749, 6768, 6775, 6775, 6863, 6870, 6903, 7002, 7185, 7845, 8075, 8133, 8235

42º - tinha (132x)
Linhas: 108, 172, 188, 232, 314, 325, 336, 379, 388, 431, 521, 552, 608, 657, 840, 878, 888, 913, 931, 951, 1049, 1130, 1130, 1172, 1188, 1211, 1236, 1502, 1533, 1573, 1588, 1604, 1761, 1872, 1945, 1974, 2026, 2029, 2106, 2368, 2407, 2429, 2610, 2684, 2701, 2723, 2755, 2791, 2816, 2879, 2910, 2956, 3021, 3028, 3045, 3239, 3251, 3293, 3359, 3459, 3682, 3710, 3711, 3711, 3766, 4042, 4045, 4049, 4070, 4096, 4193, 4294, 4446, 4465, 4507, 4523, 4651, 4664, 4682, 4698, 4795, 4857, 4885, 5081, 5164, 5200, 5202, 5303, 5328, 5347, 5356, 5386, 5435, 5502, 5557, 5665, 5674, 6029, 6031, 6226, 6317, 6331, 6394, 6437, 6636, 6653, 6681, 6927, 6958, 6966, 6973, 7054, 7161, 7166, 7167, 7172, 7288, 7303, 7404, 7418, 7462, 7526, 7570, 7600, 7670, 7676, 7823, 7831, 7946, 7950, 8003, 8222

43º - tudo (90x)
Linhas: 119, 120, 271, 329, 430, 487, 493, 521, 522, 584, 613, 1206, 1240, 1289, 1374, 1448, 1472, 1497, 1507, 1645, 1850, 1884, 1886, 1950, 2029, 2120, 2145, 2171, 2262, 2307, 2567, 2590, 2620, 2755, 2755, 2858, 2874, 3076, 3111, 3145, 3158, 3248, 3255, 3466, 3534, 3799, 3838, 4047, 4138, 4215, 4228, 4305, 4351, 4383, 4393, 4503, 4757, 4824, 4849, 4857, 5002, 5002, 5016, 5167, 5329, 5534, 5561, 5783, 5799, 5799, 5808, 5867, 6035, 6069, 6075, 6086, 6121, 6275, 6537, 6655, 6678, 6805, 6824, 7045, 7189, 7229, 7526, 7908, 7946, 8113

44º - tão (84x)
Linhas: 113, 183, 316, 485, 667, 1018, 1018, 1135, 1175, 1175, 1227, 1300, 1323, 1947, 1947, 2217, 2308, 2351, 2400, 2485, 2521, 2521, 2522, 2540, 2564, 2736, 2906, 2908, 3143, 3145, 3163, 3187, 3334, 3873, 3887, 3887, 4630, 4670, 4690, 4690, 4782, 4804, 4804, 4949, 4949, 5035, 5115, 5347, 5381, 5382, 5691, 6002, 6105, 6217, 6447, 6483, 6554, 6561, 6561, 6574, 6664, 6664, 6683, 6710, 6732, 6766, 6839, 6870, 6881, 6908, 7074, 7251, 7312, 7343, 7343, 7446, 7857, 8023, 8043, 8043, 8127, 8169, 8187, 8237

45º - um (97x)
Linhas: 178, 265, 324, 329, 354, 524, 553, 630, 673, 708, 835, 841, 872, 1222, 1447, 1459, 1705, 1827, 1969, 1985, 2033, 2034, 2142, 2156, 2307, 2360, 2385, 2405, 2471, 2779, 2805, 2903, 2912, 3011, 3013, 3032, 3291, 3422, 3567, 3674, 3709, 3766, 3813, 3972, 4023, 4375, 4698, 4874, 4929, 4974, 4975, 5200, 5232, 5304, 5309, 5326, 5333, 5345, 5349, 5393, 5405, 5575, 5603, 5635, 5649, 5868, 5926, 5961, 6044, 6106, 6165, 6211, 6260, 6385, 6460, 6582, 6600, 6640, 6645, 6783, 6801, 6880, 7052, 7286, 7322, 7338, 7352, 7413, 7430, 7505, 7566, 7577, 7614, 7978, 8034, 8040, 8232

46º - vida (108x)
Linhas: 153, 184, 378, 517, 536, 564, 573, 583, 590, 590, 657, 664, 713, 854, 887, 893, 924, 934, 1140, 1163, 1193, 1474, 1646, 1665, 1753, 1965, 1986, 2013, 2097, 2213, 2228, 2272, 2442, 2658, 2665, 2759, 3072, 3266, 3419, 3517, 3529, 3551, 3552, 3553, 3748, 3755, 3757, 3838, 3993, 4023, 4064, 4288, 4293, 4396, 4669, 4723, 4749, 4891, 5076, 5249, 5266, 5331, 5333, 5340, 5343, 5564, 5564, 5605, 5740, 5743, 5949, 5949, 5962, 5990, 6226, 6228, 6297, 6444, 6465, 6646, 6649, 6803, 6901, 6993, 6997, 7002, 7118, 7125, 7146, 7304, 7337, 7350, 7388, 7415, 7469, 7563, 7564, 7611, 7697, 7703, 7920, 7926, 8041, 8135, 8154, 8164, 8194, 8262

47º - virgilia (162x)
Linhas: 374, 379, 385, 390, 395, 414, 424, 431, 467, 738, 738, 2196, 2208, 2215, 2680, 2864, 2897, 2905, 2905, 2915, 2918, 2919, 2922, 2926, 2937, 2953, 2956, 2971, 2976, 2981, 2986, 2992, 3201, 3220, 3237, 3314, 3317, 3358, 3477, 3516, 3576, 3577, 3666, 3675, 3709, 3716, 3739, 3802, 3955, 3955, 3985, 3990, 4018, 4037, 4042, 4060, 4065, 4080, 4096, 4110, 4119, 4161, 4173, 4198, 4213, 4230, 4244, 4249, 4268, 4290, 4294, 4298, 4328, 4357, 4382, 4501, 4513, 4610, 4630, 4753, 4777, 4800, 4816, 4836, 4841, 4847, 4856, 4876, 4882, 4885, 4896, 4911, 4928, 4944, 4950, 4973, 4988, 5106, 5179, 5186, 5267, 5386, 5399, 5414, 5425, 5458, 5501, 5539, 5560, 5561, 5724, 5731, 5736, 5774, 5779, 5785, 5799, 5810, 5822, 5854, 5916, 5960, 5978, 5995, 6050, 6054, 6069, 6074, 6076, 6083, 6095, 6100, 6107, 6120, 6127, 6130, 6139, 6144, 6155, 6163, 6166, 6183, 6204, 6207, 6327, 6332, 6386, 6394, 6415, 6578, 6826, 6828, 7183, 7278, 7302, 7628, 7670, 7701, 7942, 7980, 7982, 8330

48º - á (261x)
Linhas: 114, 124, 137, 150, 154, 231, 234, 272, 280, 281, 297, 299, 335, 338, 349, 428, 453, 470, 476, 483, 522, 623, 663, 677, 688, 692, 692, 700, 706, 725, 745, 745, 772, 777, 842, 851, 860, 955, 967, 1024, 1056, 1070, 1111, 1138, 1143, 1145, 1168, 1197, 1240, 1248, 1272, 1285, 1313, 1364, 1368, 1428, 1488, 1490, 1562, 1565, 1567, 1567, 1568, 1603, 1614, 1641, 1675, 1687, 1689, 1696, 1753, 1800, 1823, 1849, 1989, 1989, 2022, 2024, 2024, 2109, 2141, 2146, 2215, 2319, 2446, 2479, 2484, 2484, 2494, 2495, 2565, 2646, 2680, 2686, 2694, 2698, 2727, 2792, 2866, 2881, 2955, 3032, 3062, 3126, 3134, 3167, 3174, 3244, 3245, 3332, 3377, 3380, 3394, 3405, 3452, 3473, 3527, 3533, 3553, 3572, 3667, 3716, 3755, 3863, 3908, 3955, 3960, 4007, 4054, 4081, 4166, 4173, 4278, 4299, 4300, 4319, 4325, 4328, 4329, 4333, 4345, 4393, 4488, 4495, 4542, 4542, 4564, 4587, 4592, 4621, 4669, 4697, 4750, 4799, 4847, 4857, 4877, 4911, 4925, 4943, 5028, 5034, 5089, 5134, 5157, 5225, 5273, 5354, 5369, 5393, 5400, 5402, 5415, 5432, 5441, 5472, 5501, 5555, 5615, 5651, 5670, 5693, 5710, 5760, 5761, 5792, 5818, 5853, 5920, 5945, 6093, 6098, 6146, 6167, 6182, 6206, 6215, 6264, 6315, 6316, 6348, 6369, 6386, 6432, 6438, 6440, 6448, 6536, 6615, 6642, 6647, 6674, 6709, 6725, 6767, 6810, 6824, 6827, 6827, 6833, 6872, 6876, 6943, 6997, 7053, 7053, 7058, 7073, 7108, 7123, 7146, 7164, 7165, 7314, 7426, 7427, 7435, 7447, 7507, 7613, 7653, 7665, 7677, 7693, 7699, 7736, 7740, 7793, 7801, 7861, 7872, 7930, 7965, 7966, 7986, 8041, 8071, 8107, 8128, 8141, 8193

49º - é (452x)
Linhas: 44, 45, 51, 59, 60, 64, 98, 100, 102, 111, 119, 120, 158, 159, 174, 221, 232, 233, 237, 242, 258, 259, 272, 273, 283, 286, 292, 300, 316, 357, 361, 364, 369, 407, 453, 479, 535, 541, 561, 562, 564, 594, 598, 598, 609, 638, 640, 641, 694, 699, 705, 744, 744, 763, 764, 771, 773, 785, 786, 799, 801, 802, 824, 827, 830, 831, 839, 872, 903, 911, 935, 938, 972, 1042, 1084, 1085, 1140, 1196, 1205, 1210, 1213, 1299, 1376, 1390, 1392, 1396, 1397, 1398, 1419, 1422, 1549, 1550, 1629, 1700, 1721, 1813, 1815, 1916, 1917, 1967, 1985, 1989, 1991, 1999, 2019, 2032, 2097, 2119, 2203, 2221, 2224, 2225, 2227, 2228, 2243, 2264, 2270, 2275, 2351, 2362, 2425, 2430, 2431, 2440, 2460, 2468, 2521, 2523, 2526, 2529, 2538, 2540, 2554, 2596, 2643, 2658, 2664, 2667, 2686, 2686, 2687, 2773, 2782, 2818, 2834, 2841, 2841, 2877, 2881, 2936, 2938, 2949, 2959, 2995, 3028, 3031, 3075, 3136, 3137, 3148, 3155, 3158, 3159, 3160, 3182, 3182, 3183, 3208, 3268, 3279, 3280, 3282, 3292, 3296, 3300, 3301, 3304, 3322, 3343, 3377, 3409, 3412, 3422, 3427, 3490, 3490, 3516, 3535, 3548, 3563, 3566, 3666, 3695, 3706, 3711, 3714, 3717, 3837, 3851, 3854, 4013, 4106, 4180, 4199, 4206, 4210, 4210, 4247, 4263, 4263, 4364, 4443, 4451, 4473, 4476, 4476, 4492, 4508, 4537, 4538, 4547, 4549, 4550, 4586, 4610, 4612, 4626, 4697, 4718, 4764, 4787, 4796, 4851, 4854, 4866, 4888, 4953, 4965, 4994, 5037, 5076, 5097, 5098, 5105, 5106, 5115, 5135, 5136, 5140, 5143, 5151, 5165, 5188, 5196, 5196, 5221, 5225, 5249, 5333, 5338, 5338, 5381, 5390, 5436, 5481, 5545, 5549, 5562, 5582, 5582, 5603, 5605, 5662, 5698, 5699, 5703, 5778, 5819, 5879, 5925, 5926, 5929, 5931, 5948, 5955, 6060, 6067, 6099, 6144, 6150, 6151, 6228, 6269, 6270, 6275, 6296, 6350, 6353, 6387, 6394, 6455, 6476, 6477, 6479, 6482, 6484, 6495, 6513, 6523, 6541, 6557, 6562, 6604, 6622, 6628, 6638, 6645, 6646, 6648, 6649, 6650, 6654, 6657, 6661, 6665, 6665, 6668, 6670, 6672, 6675, 6688, 6690, 6698, 6702, 6703, 6704, 6707, 6708, 6710, 6753, 6754, 6754, 6783, 6852, 6941, 6941, 6942, 6944, 6945, 6956, 6957, 6965, 6971, 6980, 6998, 6999, 7004, 7082, 7099, 7124, 7125, 7126, 7126, 7142, 7230, 7245, 7247, 7259, 7283, 7289, 7290, 7312, 7318, 7337, 7338, 7339, 7342, 7347, 7351, 7355, 7385, 7386, 7389, 7391, 7423, 7463, 7467, 7470, 7496, 7498, 7563, 7564, 7574, 7584, 7584, 7604, 7605, 7608, 7608, 7610, 7611, 7639, 7646, 7647, 7648, 7653, 7688, 7757, 7796, 7797, 7865, 7866, 7866, 7868, 7873, 7874, 7875, 7889, 7895, 7902, 7905, 7906, 7938, 7939, 7939, 7940, 7949, 7988, 8017, 8031, 8070, 8092, 8107, 8108, 8109, 8109, 8114, 8136, 8143, 8145, 8147, 8148, 8165, 8167, 8168, 8186, 8213, 8256, 8258, 8264, 8291, 8412

50º - assim (77x)
Linhas: 124, 124, 190, 330, 510, 608, 657, 663, 668, 668, 742, 867, 1003, 1132, 1279, 1305, 1321, 1349, 1373, 1393, 1422, 1756, 1839, 1949, 2049, 2143, 2221, 2244, 2367, 2468, 2810, 2817, 3010, 3036, 3186, 3287, 3419, 3425, 3445, 3489, 3499, 3525, 3708, 4026, 4061, 4083, 4132, 4168, 4246, 4475, 4524, 4760, 4994, 5056, 5121, 5216, 5268, 5286, 5920, 5960, 6206, 6439, 6637, 6666, 6697, 6729, 6755, 6873, 7111, 7351, 7404, 7407, 7508, 7649, 7838, 8169, 8227

