1º - ali (103x)
Linhas: 240, 246, 330, 1202, 1244, 1313, 1326, 1327, 1586, 1594, 1598, 1606, 1726, 1992, 2384, 2395, 2404, 2437, 2734, 3356, 3434, 3518, 3530, 3580, 3947, 3977, 3999, 4012, 4059, 4299, 4380, 4785, 4810, 4824, 4829, 4914, 5024, 5062, 5183, 5274, 5330, 5371, 5435, 5451, 5514, 5521, 5792, 5811, 5825, 5876, 5907, 6061, 6198, 6271, 6333, 6767, 6927, 7162, 7218, 7226, 7372, 7459, 7600, 7811, 7951, 7995, 7997, 8001, 8085, 8442, 8475, 8482, 8515, 8572, 8603, 8777, 8967, 9061, 9123, 9137, 9161, 9171, 9193, 9413, 9419, 9539, 9679, 9809, 9875, 9889, 9913, 9919, 10034, 10183, 10212, 10302, 10516, 10545, 10742, 10841, 10849, 10909, 10922

2º - aqui (82x)
Linhas: 416, 418, 471, 512, 580, 718, 1023, 1051, 1212, 1222, 1349, 1712, 1718, 1978, 2308, 2314, 2328, 2394, 2424, 2610, 2614, 2618, 2758, 2928, 3199, 3200, 3520, 3997, 4037, 4071, 4077, 4347, 4773, 4799, 4901, 4901, 5153, 5203, 5349, 5391, 5479, 5489, 5549, 5553, 5553, 5555, 6035, 6634, 6635, 6906, 6916, 7182, 7246, 7524, 7638, 7955, 8442, 9191, 9317, 9431, 9593, 9736, 9739, 9813, 9814, 10283, 10304, 10309, 10329, 10340, 10349, 10495, 10531, 10549, 10576, 10599, 10609, 10733, 10803, 10835, 10889, 11055

3º - assim (100x)
Linhas: 262, 282, 370, 618, 789, 809, 1113, 1218, 1226, 1362, 1372, 1389, 1444, 1619, 1829, 1876, 1942, 1989, 2008, 2186, 2192, 2238, 2257, 2679, 2769, 2929, 2960, 2990, 3008, 3035, 3108, 3310, 3330, 3400, 3481, 3508, 3565, 3673, 3832, 4053, 4139, 4169, 4381, 4483, 4491, 4527, 4591, 4739, 4750, 4795, 4849, 4995, 5046, 5299, 5476, 5503, 5524, 5535, 5539, 5757, 5798, 5977, 6016, 6261, 6296, 6395, 6401, 6541, 6581, 6588, 6601, 6727, 7112, 7156, 7198, 7262, 7322, 7406, 7514, 7624, 7860, 7878, 7994, 8205, 8295, 8307, 8315, 8387, 8530, 8579, 8712, 8717, 8793, 8897, 8987, 9207, 9292, 9303, 9347, 9437

4º - bem (96x)
Linhas: 86, 276, 296, 312, 418, 423, 431, 490, 582, 644, 669, 690, 934, 1175, 1402, 1404, 1825, 2047, 2116, 2714, 2895, 3184, 3369, 3540, 3555, 3621, 3631, 3637, 3679, 3857, 4170, 4184, 4351, 4383, 4392, 4427, 4762, 5099, 5326, 5450, 5470, 5506, 5525, 5594, 5743, 5873, 5918, 6032, 6053, 6061, 6068, 6295, 6304, 6411, 6602, 6604, 6605, 6872, 6977, 7147, 7175, 7272, 7307, 7533, 7565, 7640, 7999, 8104, 8134, 8158, 8175, 8225, 8259, 8306, 8320, 8365, 8426, 8511, 8742, 8767, 8788, 8828, 8937, 9079, 9181, 9252, 9307, 9443, 9508, 9800, 10132, 10182, 10290, 10383, 10413, 10629

5º - céu (73x)
Linhas: 230, 239, 281, 402, 423, 458, 620, 684, 1095, 1279, 1434, 1468, 1514, 1599, 1693, 1706, 1743, 1817, 1995, 1998, 2006, 2012, 2137, 2156, 2360, 2428, 2435, 2449, 2655, 2689, 3358, 3474, 3691, 4064, 4160, 4258, 4413, 4714, 4921, 4939, 5283, 5352, 5503, 5642, 5771, 5992, 5997, 6022, 6043, 6075, 6167, 6421, 6496, 6504, 6547, 6706, 6716, 6727, 7255, 7293, 7800, 8764, 8921, 9073, 9117, 9168, 9686, 10212, 10400, 10403, 10682, 10693, 11063

6º - enfim (62x)
Linhas: 282, 421, 574, 684, 749, 955, 1050, 1489, 1497, 1502, 1529, 1558, 1576, 2274, 2631, 2700, 2824, 2830, 2954, 3056, 3440, 3446, 3691, 3707, 3841, 3963, 4217, 4241, 4313, 4461, 4736, 4763, 4819, 4833, 4921, 5293, 5343, 5429, 5529, 5543, 5669, 5703, 5775, 6262, 6267, 6956, 7406, 8339, 8345, 8409, 8432, 8461, 8757, 8847, 8971, 9084, 9397, 9653, 10000, 10296, 10300, 10359

7º - esta (68x)
Linhas: 408, 420, 483, 553, 568, 569, 584, 1016, 1025, 1116, 1538, 1576, 1666, 2434, 2436, 2437, 2438, 2448, 2551, 2759, 2775, 2778, 2984, 3004, 3048, 3164, 3404, 3508, 3731, 3732, 3820, 3887, 3907, 4319, 4454, 4468, 4628, 4755, 5032, 5129, 5131, 5291, 5319, 5439, 5504, 5705, 6016, 6017, 6618, 6631, 6857, 7012, 7022, 7052, 7412, 8020, 8135, 8305, 8481, 8651, 9250, 9424, 9909, 9959, 10709, 10711, 10722, 10823

8º - este (83x)
Linhas: 206, 641, 790, 1213, 1492, 1562, 2334, 2428, 2484, 2686, 2986, 3168, 3178, 3188, 3214, 3595, 3797, 4141, 4191, 4207, 4261, 4387, 4833, 5085, 5085, 5100, 5232, 5413, 5681, 5725, 5985, 6012, 6081, 6102, 6171, 6181, 6326, 6331, 6527, 6695, 7019, 7048, 7059, 7590, 7664, 7678, 7687, 7694, 7718, 7724, 7890, 7904, 7938, 8108, 8154, 8279, 8375, 8545, 8547, 8549, 8551, 8555, 8556, 8557, 8561, 8617, 9692, 9705, 9726, 10129, 10149, 10179, 10229, 10274, 10301, 10313, 10319, 10369, 10443, 10483, 10583, 10669, 10789

9º - está (78x)
Linhas: 227, 306, 648, 652, 769, 1011, 1122, 1149, 1188, 1206, 1529, 1818, 1918, 2304, 2310, 2349, 2366, 2380, 2575, 2697, 2951, 3028, 3038, 3267, 3285, 3329, 3346, 3371, 3570, 3657, 3659, 3728, 3999, 4000, 4004, 4011, 4034, 4181, 4390, 4528, 4829, 5774, 5833, 6086, 6118, 6720, 7298, 7384, 7468, 7638, 7739, 7946, 7994, 8156, 8320, 8352, 8430, 8930, 9112, 9114, 9121, 9133, 9149, 9442, 9542, 9579, 9841, 10094, 10285, 10290, 10321, 10354, 10446, 10483, 10725, 10801, 10872, 10964

10º - faz (61x)
Linhas: 159, 1189, 1436, 1675, 2229, 2979, 3261, 3351, 3700, 3723, 3861, 3953, 4441, 5435, 5645, 5652, 5841, 6024, 6254, 6342, 6347, 6608, 6748, 6804, 7038, 7453, 7455, 7515, 7614, 7827, 7850, 7907, 7911, 7936, 7990, 8202, 8281, 8337, 8546, 8547, 8556, 8653, 8702, 8763, 8804, 8954, 9159, 9484, 9574, 9601, 10093, 10162, 10372, 10376, 10383, 10401, 10514, 10574, 10602, 10644, 10712

11º - foi (122x)
Linhas: 69, 237, 276, 739, 756, 760, 984, 1082, 1193, 1443, 1474, 1669, 1883, 2218, 2385, 2438, 2451, 2454, 2560, 2577, 2579, 2715, 2767, 2779, 2797, 2801, 2811, 2818, 2874, 2925, 2931, 2967, 2971, 2997, 3001, 3057, 3084, 3088, 3127, 3128, 3139, 3150, 3155, 3221, 3231, 3241, 3379, 3398, 3400, 3411, 3566, 3595, 3615, 3619, 3738, 3744, 3797, 3810, 3899, 3909, 4074, 4167, 4240, 4251, 4260, 4263, 4270, 4330, 4392, 4530, 4883, 5019, 5102, 5311, 5312, 5383, 5446, 5449, 5453, 5499, 5509, 5893, 5903, 5941, 5943, 5985, 6052, 6144, 6144, 6268, 6558, 6581, 6903, 6938, 7018, 7149, 7383, 7498, 7594, 7605, 7607, 7625, 7715, 7716, 7756, 8275, 8478, 8578, 8660, 8799, 8952, 9726, 10001, 10003, 10116, 10311, 10465, 10490, 10599, 10661, 10753, 10813

12º - forte (68x)
Linhas: 268, 278, 389, 392, 399, 467, 653, 674, 989, 1006, 1317, 1568, 1644, 1657, 1679, 1886, 1974, 2168, 2370, 2445, 2487, 2505, 2669, 2778, 2800, 2834, 2918, 2975, 3074, 3211, 3238, 3369, 3384, 3612, 3673, 3798, 3888, 3913, 4137, 4183, 4213, 4248, 5669, 6178, 6198, 6238, 6707, 6778, 6828, 6905, 6908, 7428, 7435, 7700, 7781, 8009, 8978, 9080, 9437, 9442, 9690, 9726, 9773, 10070, 10123, 10230, 10273, 10892

13º - gente (169x)
Linhas: 42, 81, 287, 311, 337, 357, 369, 389, 408, 433, 448, 481, 483, 491, 511, 590, 603, 614, 648, 835, 873, 893, 903, 929, 963, 1006, 1016, 1022, 1034, 1051, 1074, 1085, 1127, 1155, 1238, 1256, 1277, 1329, 1334, 1344, 1413, 1415, 1568, 1605, 1676, 1679, 1684, 1695, 1699, 1715, 1779, 1787, 1833, 1834, 1845, 1907, 2023, 2069, 2109, 2117, 2119, 2133, 2137, 2224, 2245, 2259, 2370, 2417, 2566, 2651, 2837, 2870, 2890, 2895, 2977, 3034, 3090, 3098, 3224, 3228, 3255, 3277, 3294, 3768, 3807, 3820, 3867, 3974, 4079, 4350, 4423, 4481, 4503, 4537, 4761, 4841, 4880, 4960, 5042, 5109, 5319, 5389, 5460, 5476, 5480, 5605, 5611, 5767, 6006, 6334, 6453, 6488, 6707, 6834, 6895, 6932, 6947, 6969, 6989, 6992, 7062, 7066, 7083, 7114, 7147, 7186, 7255, 7257, 7285, 7308, 7317, 7326, 7339, 7358, 7365, 7369, 7378, 7414, 7636, 7666, 7860, 8008, 8020, 8025, 8027, 8044, 8089, 8136, 8147, 8624, 8631, 8820, 9009, 9649, 9765, 10220, 10255, 10436, 10440, 10444, 10510, 10583, 10602, 10633, 10680, 10752, 10784, 10853, 10962

14º - grande (132x)
Linhas: 76, 161, 268, 291, 360, 426, 453, 751, 924, 1278, 1292, 1323, 1344, 1373, 1392, 1673, 1733, 1804, 1898, 1936, 1948, 2032, 2108, 2209, 2314, 2315, 2351, 2418, 2447, 2638, 2809, 2826, 3099, 3175, 3186, 3235, 3316, 3378, 3459, 3562, 3819, 3924, 3953, 3961, 4061, 4108, 4390, 4410, 4420, 4434, 4478, 4483, 4690, 4699, 4749, 4803, 4823, 4829, 4865, 4906, 4915, 4970, 5011, 5080, 5099, 5121, 5194, 5199, 5244, 5424, 5453, 5499, 5664, 5867, 5878, 5891, 5893, 5952, 6055, 6135, 6268, 6412, 6414, 6451, 6638, 6863, 6872, 6882, 6994, 7076, 7093, 7212, 7223, 7278, 7287, 7292, 7309, 7478, 7636, 7745, 7827, 7921, 8005, 8060, 8168, 8225, 8589, 9017, 9070, 9247, 9414, 9444, 9521, 9523, 9661, 9732, 9810, 9861, 9963, 10002, 10031, 10110, 10309, 10369, 10399, 10439, 10496, 10539, 10600, 10619, 10766, 10899

15º - já (306x)
Linhas: 101, 118, 189, 213, 216, 276, 300, 312, 346, 411, 449, 461, 509, 518, 551, 578, 641, 769, 779, 823, 869, 874, 894, 925, 933, 935, 943, 979, 1074, 1102, 1176, 1292, 1306, 1417, 1426, 1427, 1445, 1468, 1662, 1678, 1696, 1762, 1807, 1823, 1842, 2012, 2014, 2102, 2118, 2162, 2248, 2319, 2365, 2380, 2417, 2436, 2494, 2538, 2554, 2556, 2595, 2625, 2626, 2644, 2648, 2671, 2675, 2748, 2754, 2774, 2808, 2821, 2825, 2838, 2864, 2869, 2956, 2985, 2994, 2996, 3016, 3024, 3076, 3091, 3107, 3177, 3189, 3191, 3209, 3237, 3294, 3374, 3465, 3484, 3490, 3738, 3764, 3840, 3852, 3859, 3899, 3921, 3967, 4054, 4081, 4081, 4083, 4121, 4129, 4138, 4270, 4337, 4393, 4481, 4497, 4554, 4559, 4649, 4651, 4713, 4729, 4735, 4779, 4784, 4815, 4830, 4835, 4839, 4939, 4952, 4969, 5003, 5011, 5039, 5069, 5115, 5249, 5270, 5279, 5309, 5314, 5349, 5384, 5404, 5409, 5419, 5445, 5449, 5454, 5524, 5545, 5592, 5613, 5622, 5732, 5737, 5754, 5758, 5762, 5764, 5844, 5861, 5892, 5895, 5907, 5951, 5961, 5992, 6037, 6041, 6046, 6055, 6071, 6172, 6211, 6218, 6231, 6242, 6276, 6282, 6283, 6285, 6301, 6335, 6356, 6358, 6385, 6395, 6522, 6551, 6584, 6595, 6621, 6625, 6703, 6704, 6709, 6709, 6779, 6809, 6815, 6936, 6938, 6974, 7049, 7113, 7116, 7122, 7136, 7148, 7158, 7192, 7238, 7262, 7346, 7357, 7366, 7422, 7435, 7494, 7526, 7599, 7600, 7625, 7631, 7646, 7681, 7709, 7726, 7808, 7816, 7864, 7868, 7925, 7964, 8004, 8146, 8196, 8205, 8349, 8369, 8391, 8519, 8527, 8602, 8639, 8661, 8667, 8692, 8740, 8743, 8751, 8787, 8794, 8799, 8801, 8807, 8917, 8938, 8988, 9011, 9023, 9041, 9057, 9198, 9224, 9271, 9311, 9321, 9331, 9377, 9381, 9397, 9483, 9510, 9519, 9530, 9599, 9602, 9639, 9669, 9683, 9832, 9834, 9939, 9954, 9993, 10020, 10116, 10140, 10174, 10352, 10479, 10521, 10555, 10560, 10563, 10581, 10605, 10681, 10684, 10711, 10730, 10751, 10931, 11073

16º - logo (61x)
Linhas: 107, 441, 477, 853, 1378, 1682, 1864, 2354, 2364, 2388, 2904, 2908, 3044, 3911, 3961, 4238, 4323, 4471, 4715, 4959, 4993, 4999, 5025, 5040, 5063, 5224, 5439, 5501, 5506, 5752, 5815, 5862, 6202, 6325, 6431, 6582, 6608, 6613, 6856, 6923, 6976, 7287, 7522, 7877, 7918, 8449, 8659, 8677, 9091, 9586, 9616, 9756, 9859, 10053, 10349, 10401, 10631, 10649, 10670, 10941, 10999

17º - lá (65x)
Linhas: 167, 202, 333, 352, 449, 865, 1029, 1398, 1428, 1689, 1724, 2304, 2430, 2804, 3510, 3757, 3991, 4269, 4284, 4313, 4313, 4351, 4734, 4814, 4840, 5051, 5473, 5783, 6071, 6135, 6184, 6221, 6258, 6383, 6388, 6476, 6817, 6840, 6856, 6872, 6906, 6935, 7023, 7143, 7292, 7296, 7305, 7378, 7405, 7455, 7616, 8347, 8365, 8420, 8577, 8768, 9091, 9443, 9459, 9521, 9546, 9629, 9901, 9951, 10459

18º - mais (274x)
Linhas: 41, 63, 97, 132, 237, 253, 257, 260, 261, 299, 367, 412, 479, 482, 585, 645, 658, 819, 859, 879, 934, 943, 964, 1009, 1118, 1149, 1155, 1166, 1283, 1295, 1442, 1479, 1638, 1643, 1658, 1708, 1723, 1789, 1834, 1834, 1856, 1872, 1913, 2116, 2128, 2228, 2276, 2277, 2301, 2304, 2320, 2465, 2478, 2510, 2607, 2631, 2636, 2640, 2659, 2699, 2846, 2876, 2901, 2951, 3051, 3080, 3161, 3217, 3236, 3341, 3471, 3598, 3601, 3662, 3704, 3791, 3802, 3840, 4049, 4071, 4163, 4184, 4190, 4224, 4262, 4324, 4338, 4362, 4380, 4387, 4407, 4438, 4444, 4451, 4453, 4477, 4488, 4552, 4581, 4594, 4641, 4662, 4725, 4736, 4752, 4815, 4873, 4900, 4905, 4913, 4913, 4953, 4972, 4982, 4989, 5016, 5035, 5061, 5066, 5109, 5179, 5189, 5226, 5269, 5281, 5295, 5321, 5331, 5510, 5542, 5564, 5583, 5610, 5732, 5735, 5741, 5758, 5781, 5795, 5816, 5856, 5856, 5948, 6006, 6017, 6038, 6045, 6053, 6058, 6076, 6226, 6243, 6306, 6334, 6358, 6442, 6543, 6543, 6578, 6587, 6593, 6597, 6633, 6838, 6840, 6895, 6905, 7038, 7045, 7045, 7057, 7084, 7099, 7205, 7222, 7232, 7252, 7283, 7317, 7377, 7415, 7495, 7539, 7545, 7569, 7586, 7586, 7589, 7627, 7646, 7677, 7887, 7977, 7989, 8034, 8047, 8050, 8090, 8110, 8140, 8151, 8247, 8261, 8402, 8482, 8509, 8518, 8521, 8547, 8555, 8588, 8602, 8783, 8914, 8950, 8970, 9010, 9039, 9040, 9160, 9242, 9244, 9251, 9259, 9262, 9272, 9287, 9319, 9358, 9360, 9374, 9391, 9502, 9635, 9649, 9710, 9746, 9944, 9959, 9965, 10040, 10075, 10221, 10253, 10264, 10320, 10334, 10415, 10429, 10444, 10520, 10640, 10662, 10685, 10691, 10743, 10764, 10796, 10822, 10863, 10883, 10909, 10914, 10919, 10923, 10946, 10959, 10959, 10963, 11003, 11026, 11032, 11036, 11069

19º - mar (187x)
Linhas: 212, 239, 297, 309, 338, 448, 463, 480, 514, 530, 537, 543, 549, 821, 945, 950, 952, 1062, 1089, 1144, 1177, 1279, 1284, 1295, 1354, 1358, 1547, 1567, 1582, 1632, 1645, 1855, 1939, 1976, 2007, 2019, 2064, 2094, 2143, 2193, 2199, 2291, 2298, 2311, 2334, 2368, 2405, 2426, 2798, 2954, 3259, 3804, 3942, 4277, 4324, 4494, 4528, 4569, 4602, 4700, 4713, 4726, 4736, 4824, 4833, 4846, 4854, 4860, 4885, 4920, 4942, 5015, 5081, 5085, 5104, 5125, 5215, 5302, 5361, 5363, 5371, 5374, 5441, 5451, 5472, 5492, 5534, 5541, 5563, 5616, 5718, 5778, 5782, 5784, 5786, 5855, 5864, 5884, 5894, 5904, 5908, 5914, 5937, 5958, 5972, 5981, 5994, 5997, 6005, 6034, 6058, 6084, 6113, 6274, 6426, 6503, 6512, 6554, 6557, 6565, 6646, 6864, 6878, 6885, 6906, 6915, 6946, 6955, 7005, 7129, 7304, 7379, 7427, 7477, 7486, 7609, 7729, 7735, 8139, 8199, 8240, 8277, 8348, 8588, 8660, 8724, 8748, 8949, 8951, 9028, 9068, 9091, 9411, 9422, 9610, 9631, 9656, 9660, 9771, 9790, 9804, 9812, 9872, 9901, 9904, 9921, 10101, 10136, 10142, 10416, 10422, 10473, 10482, 10571, 10574, 10583, 10603, 10611, 10745, 10750, 10821, 10881, 10891, 10925, 10931, 10940, 10949

20º - mas (282x)
Linhas: 78, 127, 206, 386, 420, 474, 509, 544, 551, 618, 674, 723, 783, 875, 889, 913, 930, 999, 1030, 1039, 1052, 1055, 1080, 1192, 1226, 1276, 1376, 1406, 1466, 1486, 1502, 1756, 1762, 1783, 1795, 1896, 1905, 1912, 1926, 1936, 1966, 2012, 2067, 2129, 2156, 2162, 2182, 2261, 2266, 2270, 2278, 2295, 2318, 2378, 2398, 2514, 2524, 2541, 2554, 2560, 2571, 2578, 2590, 2630, 2644, 2726, 2740, 2869, 2888, 2914, 3024, 3068, 3071, 3104, 3124, 3131, 3158, 3208, 3211, 3218, 3246, 3294, 3466, 3508, 3527, 3539, 3645, 3652, 3661, 3707, 3783, 3797, 3798, 3854, 3978, 4004, 4007, 4009, 4090, 4111, 4159, 4161, 4197, 4203, 4242, 4244, 4311, 4374, 4402, 4408, 4451, 4597, 4641, 4684, 4746, 4753, 4919, 4924, 4939, 4999, 5011, 5020, 5033, 5054, 5214, 5234, 5265, 5343, 5390, 5459, 5473, 5499, 5501, 5506, 5523, 5576, 5613, 5643, 5651, 5661, 5683, 5731, 5756, 5765, 5842, 5883, 5907, 6024, 6161, 6214, 6237, 6256, 6273, 6291, 6315, 6381, 6401, 6416, 6528, 6551, 6562, 6597, 6645, 6671, 6715, 6719, 6740, 6760, 6833, 6892, 6956, 6959, 7016, 7102, 7112, 7122, 7148, 7195, 7238, 7256, 7336, 7442, 7448, 7456, 7472, 7588, 7690, 7758, 7790, 7796, 7806, 7828, 7864, 7874, 7887, 7889, 7910, 7919, 7950, 7956, 7991, 8004, 8049, 8088, 8124, 8128, 8178, 8225, 8249, 8309, 8356, 8477, 8562, 8607, 8661, 8691, 8814, 8884, 8913, 8917, 8997, 9087, 9160, 9217, 9241, 9262, 9310, 9394, 9464, 9477, 9519, 9551, 9605, 9639, 9670, 9675, 9681, 9686, 9692, 9701, 9729, 9753, 9759, 9769, 9799, 9869, 9879, 9899, 9961, 9969, 9982, 9999, 10004, 10009, 10049, 10063, 10069, 10089, 10092, 10099, 10290, 10315, 10356, 10422, 10472, 10521, 10543, 10559, 10564, 10621, 10693, 10709, 10725, 10759, 10775, 10815, 10821, 10893, 10909, 10961, 11022, 11049

21º - mundo (83x)
Linhas: 92, 93, 133, 181, 493, 563, 595, 605, 1215, 1227, 1549, 1648, 1694, 1957, 1973, 2185, 2216, 2225, 2246, 2309, 2450, 2510, 3068, 3381, 3454, 3722, 4390, 4530, 4689, 4692, 4721, 4753, 4836, 4864, 4875, 4972, 5110, 5640, 5818, 6004, 6026, 6246, 6418, 6454, 6486, 6633, 6715, 6774, 6840, 7258, 7385, 7467, 7920, 8119, 8131, 8811, 8827, 8979, 9254, 9442, 9469, 9478, 9482, 9763, 9885, 9962, 10036, 10052, 10164, 10193, 10213, 10305, 10326, 10342, 10360, 10431, 10604, 10606, 10644, 10884, 10890, 10946, 11074

22º - nem (86x)
Linhas: 166, 672, 672, 962, 1406, 1464, 1464, 1487, 1534, 1646, 1967, 2477, 2936, 3148, 3150, 3151, 3154, 3156, 3160, 3226, 3388, 3419, 3713, 3713, 4193, 4194, 4588, 4588, 4682, 4683, 4698, 4753, 4762, 4981, 4981, 5395, 5680, 5681, 5682, 5693, 5695, 5817, 6023, 6054, 6054, 6114, 6163, 6163, 6398, 6478, 6485, 6497, 6719, 6759, 7074, 7408, 7528, 7532, 7546, 7552, 7556, 7630, 7990, 8114, 8177, 8177, 8191, 8411, 8982, 9042, 9602, 9684, 9723, 9801, 9816, 9949, 9980, 9981, 9992, 10171, 10236, 10355, 10814, 11016, 11050, 11055

23º - nome (69x)
Linhas: 130, 291, 351, 462, 776, 786, 1066, 1619, 1674, 2227, 2307, 2345, 2454, 2490, 2831, 2941, 3329, 3431, 3561, 3579, 3582, 3738, 4198, 4290, 4529, 4630, 4650, 4684, 4700, 4752, 4775, 4780, 4790, 4822, 4826, 5482, 5485, 5691, 6002, 6222, 6332, 6758, 6766, 6769, 7056, 7068, 7093, 7095, 7466, 7589, 7601, 7834, 8579, 9142, 9444, 9770, 9904, 10020, 10180, 10190, 10335, 10355, 10471, 10515, 10546, 10664, 10846, 10911, 10924

24º - nunca (77x)
Linhas: 38, 179, 298, 347, 422, 695, 744, 745, 792, 866, 876, 964, 1084, 1327, 1448, 1566, 1622, 1644, 2240, 2398, 2826, 3224, 3381, 3429, 3797, 3850, 4364, 4392, 4681, 4761, 4832, 4980, 5071, 5112, 5116, 5201, 5204, 5343, 5394, 5395, 5510, 5791, 5874, 6033, 6076, 6156, 6481, 6496, 6592, 6665, 6797, 6947, 6998, 7226, 7285, 7406, 7495, 7508, 7669, 7780, 8290, 8310, 8407, 8461, 8873, 9010, 9252, 9347, 9903, 10294, 10375, 10770, 10809, 10836, 10896, 10950, 11029

25º - onde (171x)
Linhas: 221, 227, 301, 301, 303, 369, 432, 433, 801, 866, 1016, 1093, 1094, 1158, 1188, 1213, 1377, 1429, 1436, 1457, 1655, 1659, 1709, 1717, 1799, 1809, 1823, 2045, 2073, 2125, 2148, 2177, 2185, 2300, 2304, 2306, 2348, 2365, 2406, 2426, 2427, 2536, 2637, 2667, 2788, 2790, 2839, 2856, 2931, 3097, 3100, 3149, 3360, 3511, 3514, 3700, 4069, 4150, 4270, 4271, 4297, 4300, 4304, 4338, 4462, 4499, 4564, 4760, 4764, 4771, 4775, 4783, 4796, 4823, 4831, 4836, 4845, 4850, 4954, 4960, 5215, 5275, 5316, 5353, 5441, 5450, 5474, 5475, 5584, 5782, 6173, 6383, 6386, 6506, 6622, 6695, 6855, 6858, 6875, 6935, 6947, 6949, 7006, 7035, 7055, 7143, 7157, 7185, 7263, 7379, 7429, 7525, 7564, 7610, 7776, 7835, 8117, 8248, 8271, 8350, 8361, 8407, 8498, 8577, 8610, 8672, 8719, 8803, 8808, 8867, 8871, 8978, 8990, 9003, 9080, 9083, 9092, 9109, 9134, 9199, 9553, 9612, 9801, 9803, 9826, 9924, 9951, 10210, 10280, 10306, 10323, 10363, 10424, 10441, 10473, 10481, 10506, 10574, 10625, 10704, 10739, 10745, 10760, 10825, 10843, 10855, 10864, 10872, 10883, 10909, 11006

26º - outro (71x)
Linhas: 63, 162, 328, 371, 408, 892, 1335, 1519, 1708, 1782, 1814, 1864, 2009, 2336, 2986, 3138, 3589, 3901, 4062, 4668, 4700, 4810, 4852, 4962, 4999, 5023, 5023, 5266, 5275, 5332, 5383, 5465, 5573, 5743, 5972, 6054, 6391, 6882, 7042, 7073, 7074, 7174, 7176, 7178, 7184, 7608, 7638, 7664, 7859, 7946, 8280, 8476, 8479, 9132, 9561, 9592, 9769, 9815, 9823, 10053, 10186, 10365, 10373, 10514, 10589, 10591, 10672, 10781, 10810, 10855, 10925

27º - porque (102x)
Linhas: 72, 316, 367, 388, 389, 421, 662, 694, 712, 789, 795, 835, 883, 895, 973, 1024, 1070, 1122, 1126, 1144, 1258, 1284, 1498, 1686, 1776, 1807, 1924, 1926, 1932, 1969, 2155, 2276, 2278, 2521, 2769, 2926, 2958, 2974, 3018, 3047, 3130, 3140, 3216, 3420, 3476, 3537, 3677, 3781, 4047, 4071, 4119, 4187, 4189, 4191, 4247, 4343, 4463, 4488, 4503, 4922, 5433, 5455, 5676, 5699, 5853, 6018, 6046, 6125, 6248, 6405, 6581, 6857, 7002, 7037, 7066, 7072, 7392, 7706, 8005, 8066, 8108, 8177, 8225, 8235, 8421, 8491, 8687, 8781, 8791, 8939, 8941, 8947, 9040, 9333, 9441, 9491, 9709, 10125, 10194, 10330, 10339, 10519

28º - qual (77x)
Linhas: 102, 118, 132, 338, 362, 376, 611, 909, 1175, 1514, 1603, 2088, 2435, 2624, 2694, 2888, 3334, 3535, 3999, 4021, 4049, 4327, 4448, 4557, 4567, 4909, 5210, 5382, 5385, 5610, 5804, 6206, 6206, 6304, 6345, 6346, 6347, 6348, 6794, 6913, 6986, 7025, 7043, 7043, 7044, 7044, 7159, 7167, 7173, 7179, 7488, 7606, 8057, 8307, 8311, 8316, 8435, 8481, 8542, 8689, 8903, 9089, 9174, 9224, 9297, 9344, 9429, 9591, 9602, 9830, 9849, 10289, 10300, 10454, 10565, 10719, 10924

29º - quando (100x)
Linhas: 109, 119, 226, 262, 288, 291, 327, 362, 463, 517, 665, 871, 1108, 1623, 1702, 1773, 1812, 1814, 1822, 2018, 2124, 2256, 2390, 2504, 2574, 2676, 2714, 2816, 3056, 3077, 3080, 3098, 3109, 3166, 3218, 3361, 3378, 3386, 3390, 3396, 3437, 3447, 3558, 3638, 3689, 3720, 3821, 4129, 4253, 4334, 4443, 4710, 4726, 4943, 5054, 5073, 5089, 5190, 5311, 5443, 5601, 5620, 5656, 5784, 5836, 6026, 6085, 6176, 6251, 6317, 6412, 6623, 7078, 7249, 7273, 7716, 8008, 8066, 8118, 8446, 8476, 8669, 8699, 8893, 9062, 9071, 9333, 9529, 9633, 9635, 9749, 9931, 10024, 10134, 10213, 10525, 10551, 10604, 11006, 11041

30º - quem (230x)
Linhas: 61, 131, 171, 173, 187, 413, 458, 470, 529, 553, 580, 729, 744, 746, 776, 796, 862, 884, 951, 952, 1235, 1304, 1347, 1396, 1409, 1443, 1455, 1463, 1478, 1492, 1525, 1588, 1675, 1818, 1839, 1882, 1912, 1958, 2108, 2204, 2229, 2239, 2288, 2318, 2355, 2360, 2419, 2498, 2507, 2509, 2567, 2670, 2678, 2767, 2798, 2994, 3024, 3048, 3056, 3137, 3186, 3240, 3274, 3281, 3317, 3347, 3497, 3507, 3519, 3620, 3629, 3630, 3645, 3649, 3655, 3660, 3678, 3703, 3711, 3713, 3714, 3758, 3777, 3787, 3789, 3808, 3811, 3812, 3827, 3828, 3840, 3892, 3961, 3980, 4032, 4054, 4110, 4138, 4139, 4162, 4162, 4171, 4172, 4380, 4484, 4557, 4568, 4580, 4594, 4608, 4624, 4654, 4658, 4669, 4771, 4822, 5043, 5060, 5140, 5196, 5200, 5206, 5260, 5276, 5513, 5526, 5570, 5625, 5631, 5676, 5693, 5778, 5984, 5986, 6017, 6038, 6145, 6218, 6252, 6291, 6293, 6328, 6344, 6385, 6535, 6536, 6537, 6556, 6573, 6644, 6648, 6716, 6717, 6746, 6768, 6943, 6944, 7045, 7046, 7068, 7208, 7228, 7317, 7333, 7338, 7368, 7415, 7426, 7515, 7527, 7533, 7547, 7552, 7556, 7578, 7640, 7664, 7676, 7678, 7680, 7757, 7817, 7876, 7880, 7884, 7906, 8156, 8166, 8169, 8179, 8232, 8301, 8377, 8455, 8488, 8511, 8617, 8784, 8830, 8931, 8983, 9164, 9239, 9274, 9309, 9324, 9330, 9394, 9407, 9417, 9459, 9512, 9544, 9691, 9721, 9736, 9754, 9759, 9832, 9915, 9916, 10050, 10093, 10113, 10313, 10326, 10592, 10640, 10661, 11062

31º - rei (198x)
Linhas: 106, 133, 147, 156, 177, 484, 541, 1065, 1074, 1116, 1143, 1172, 1182, 1233, 1235, 1246, 1557, 1704, 1708, 1727, 1802, 1839, 1842, 1854, 1864, 1873, 1877, 1882, 1899, 1913, 1922, 1928, 1934, 1935, 1946, 1949, 2018, 2034, 2055, 2103, 2105, 2128, 2133, 2235, 2258, 2454, 2458, 2475, 2479, 2595, 2608, 2630, 2686, 2691, 2704, 2757, 2775, 2884, 2897, 2905, 2918, 2964, 3079, 3084, 3127, 3151, 3160, 3166, 3234, 3256, 3274, 3335, 3349, 3465, 3525, 3612, 3674, 3683, 3694, 3793, 3833, 3834, 3838, 3851, 3854, 3874, 3913, 3980, 4037, 4083, 4141, 4167, 4204, 4234, 4260, 4388, 4399, 4417, 4433, 4451, 4464, 4531, 5381, 5382, 5393, 5416, 5559, 5603, 5712, 5714, 5725, 5748, 5848, 5866, 5924, 6178, 6208, 6213, 6231, 6283, 6302, 6325, 6744, 6859, 6903, 6924, 6957, 7019, 7088, 7115, 7118, 7122, 7143, 7185, 7288, 7292, 7333, 7339, 7345, 7357, 7374, 7499, 7548, 7553, 7563, 7684, 7725, 7726, 7746, 7785, 7851, 7950, 8018, 8029, 8101, 8104, 8130, 8144, 8148, 8161, 8176, 8177, 8180, 8186, 8208, 8221, 8256, 8276, 8302, 8305, 8315, 8325, 8361, 8408, 8472, 8477, 8480, 8640, 8669, 8681, 8688, 8843, 9507, 9640, 9744, 9760, 9775, 10149, 10154, 10160, 10231, 10613, 10655, 10670, 10813, 10895, 10954, 10973

32º - reino (85x)
Linhas: 43, 147, 160, 178, 1115, 1584, 1823, 2035, 2125, 2187, 2215, 2374, 2425, 2451, 2491, 2906, 3001, 3070, 3138, 3158, 3164, 3169, 3188, 3206, 3241, 3269, 3271, 3351, 3395, 3587, 3608, 3611, 3673, 3697, 3728, 3757, 3780, 3814, 3991, 4173, 4197, 4230, 4259, 4322, 4323, 4639, 4669, 4829, 5065, 5744, 5747, 5777, 5848, 5982, 6007, 6012, 6131, 6162, 6184, 6902, 6904, 6937, 7019, 7036, 7132, 7309, 7325, 7591, 7680, 8197, 8248, 8250, 8590, 8754, 8771, 8977, 9564, 9584, 9762, 9925, 10079, 10504, 10523, 10591, 10729

33º - sempre (82x)
Linhas: 68, 169, 171, 281, 282, 470, 795, 816, 1012, 1192, 1277, 1289, 1443, 1482, 1555, 1757, 2306, 2311, 2779, 2907, 2918, 3070, 3167, 3201, 3214, 3436, 3625, 3657, 3682, 3784, 4113, 4171, 4330, 4429, 4520, 4653, 4658, 4819, 4854, 4871, 5495, 5512, 5530, 5532, 5579, 5666, 5704, 5742, 5813, 5937, 6136, 6564, 6655, 6666, 6788, 7072, 7088, 7457, 7489, 7556, 7891, 7970, 8016, 8228, 8268, 8740, 8931, 8951, 9310, 9332, 9512, 9686, 9734, 9945, 10114, 10184, 10522, 10540, 10542, 10950, 10952, 10990

34º - ser (83x)
Linhas: 128, 133, 213, 307, 348, 368, 572, 715, 729, 741, 762, 971, 1164, 1349, 1409, 1543, 1573, 1602, 1603, 1714, 1776, 2105, 2162, 2224, 2580, 2591, 2959, 3269, 3281, 3411, 3640, 3687, 3724, 4177, 4203, 4331, 4454, 4514, 4653, 4664, 4753, 5674, 5865, 5986, 5998, 6117, 6148, 6213, 6216, 6418, 6760, 6968, 7034, 7466, 7529, 7647, 7657, 7920, 7930, 8097, 8392, 8455, 8521, 8618, 8630, 8633, 8814, 8950, 9159, 9312, 9409, 9482, 9702, 9816, 9965, 10105, 10471, 10659, 10666, 10934, 11061, 11062, 11064

35º - são (72x)
Linhas: 140, 212, 223, 451, 559, 631, 661, 812, 825, 1326, 1348, 1852, 1956, 2189, 2337, 2339, 2549, 2640, 2664, 3317, 3582, 3930, 4280, 4479, 4926, 5364, 5459, 5620, 5925, 5928, 6205, 6246, 6277, 6305, 6561, 6653, 6727, 6794, 6796, 6893, 6895, 7067, 7086, 7092, 7102, 7105, 7107, 7368, 7432, 7433, 7588, 7691, 7751, 8060, 8098, 8629, 8872, 8881, 8887, 9129, 9253, 9258, 9454, 9906, 10246, 10345, 10486, 10590, 10639, 10885, 10993, 11031

36º - só (120x)
Linhas: 149, 168, 188, 238, 550, 641, 765, 773, 1169, 1208, 1414, 1419, 1518, 1695, 1745, 1969, 2023, 2132, 2142, 2520, 2570, 2657, 2897, 2899, 2901, 2957, 3046, 3337, 3394, 3414, 3456, 3469, 3496, 3783, 3844, 3847, 3853, 4181, 4331, 4522, 4558, 4603, 4660, 4812, 4813, 4872, 4874, 5106, 5141, 5222, 5362, 5632, 5634, 5967, 5978, 6205, 6217, 6237, 6247, 6528, 6957, 6987, 7004, 7046, 7523, 7538, 7719, 7855, 7856, 7899, 7919, 8100, 8121, 8134, 8235, 8301, 8405, 8536, 8559, 8791, 8844, 8874, 9309, 9329, 9329, 9349, 9354, 9367, 9424, 9550, 9621, 9692, 9754, 9760, 9795, 9800, 9810, 9896, 9923, 10062, 10081, 10092, 10111, 10125, 10173, 10292, 10325, 10329, 10333, 10335, 10556, 10620, 10741, 10781, 10836, 10855, 10976, 10993, 11033, 11061

37º - também (75x)
Linhas: 46, 108, 152, 290, 582, 652, 658, 829, 833, 879, 1004, 1049, 1375, 1569, 2192, 2226, 2356, 2750, 2785, 2800, 2844, 2999, 3115, 3330, 3506, 3628, 3641, 3751, 3757, 3761, 3767, 3889, 3901, 3993, 4061, 4063, 4067, 4068, 4287, 4733, 5159, 5670, 5680, 5853, 5907, 6024, 6036, 6195, 6391, 7256, 7546, 7644, 7729, 7955, 7974, 8637, 8708, 8910, 9273, 9488, 9779, 9903, 10019, 10029, 10043, 10339, 10356, 10381, 10446, 10843, 10849, 10860, 10881, 10893, 10910

38º - tanto (119x)
Linhas: 43, 53, 81, 289, 300, 319, 409, 411, 601, 605, 746, 781, 791, 849, 965, 1014, 1034, 1089, 1091, 1169, 1412, 1495, 1617, 1768, 1843, 1844, 1855, 1953, 1975, 2069, 2206, 2237, 2287, 2319, 2381, 2635, 2638, 2670, 2687, 2828, 2830, 2837, 2900, 2910, 3068, 3136, 3415, 3640, 3964, 4174, 4292, 4343, 4391, 4643, 4648, 4654, 4791, 4793, 5003, 5059, 5115, 5170, 5180, 5206, 5374, 5415, 5444, 5561, 5569, 5629, 5635, 5754, 5796, 5918, 5986, 6065, 6113, 6186, 6432, 6457, 6485, 6498, 6557, 6581, 6605, 6643, 6644, 6730, 6852, 7362, 7413, 7438, 7444, 7482, 7599, 7714, 7844, 7884, 7927, 8078, 8249, 8539, 8573, 8601, 8603, 8849, 8941, 9034, 9089, 9504, 9507, 9551, 9646, 9772, 10115, 10181, 10252, 10316, 10870

39º - tem (105x)
Linhas: 186, 191, 202, 242, 563, 829, 1045, 1117, 1193, 1408, 1675, 1798, 1855, 1933, 2169, 2195, 2308, 2350, 2378, 2397, 2414, 2418, 2625, 2987, 3007, 3037, 3086, 3455, 3498, 3651, 3660, 3902, 4070, 4080, 4300, 4400, 4529, 4661, 4880, 4920, 5192, 5485, 5570, 5694, 6037, 6206, 6224, 6666, 6749, 6778, 6837, 6917, 7068, 7122, 7178, 7226, 7309, 7367, 7385, 7407, 7436, 7579, 7620, 7621, 7628, 7630, 7667, 7670, 7726, 8056, 8186, 8258, 8472, 8608, 8733, 8771, 8792, 9000, 9102, 9119, 9290, 9331, 9619, 9674, 9862, 10000, 10120, 10180, 10214, 10292, 10295, 10370, 10381, 10416, 10492, 10534, 10582, 10592, 10594, 10783, 10854, 10902, 10905, 10970, 11053

40º - tempo (76x)
Linhas: 206, 411, 601, 615, 796, 809, 981, 1102, 1363, 1707, 1752, 1812, 2202, 2269, 2336, 2489, 2560, 2574, 2774, 3128, 3566, 3576, 3585, 3681, 3690, 3931, 4168, 4169, 4332, 4393, 4719, 4721, 4744, 4810, 4881, 5115, 5279, 5363, 5754, 5941, 6085, 6102, 6108, 6131, 6225, 6364, 7017, 7148, 7153, 7244, 7249, 7343, 7482, 7646, 7921, 7926, 8482, 8518, 8526, 8573, 8603, 8638, 8849, 8927, 9348, 9572, 9675, 9969, 10080, 10120, 10544, 10603, 10681, 10820, 10859, 10946

41º - terra (190x)
Linhas: 239, 279, 313, 361, 432, 472, 479, 529, 548, 553, 558, 569, 573, 579, 583, 584, 600, 630, 672, 684, 685, 755, 793, 800, 830, 872, 905, 944, 1016, 1033, 1059, 1073, 1091, 1096, 1128, 1179, 1214, 1232, 1238, 1262, 1418, 1559, 1572, 1653, 1659, 1663, 1723, 1737, 1835, 1858, 1875, 1877, 1962, 1988, 1995, 2002, 2008, 2017, 2184, 2368, 2426, 2556, 2831, 2849, 2857, 3117, 3174, 3181, 3191, 3254, 3259, 3265, 3331, 3771, 3804, 3850, 3941, 3963, 3970, 4119, 4163, 4202, 4330, 4529, 4661, 4744, 4763, 4786, 4796, 4846, 4944, 4944, 4962, 5005, 5095, 5289, 5311, 5316, 5319, 5393, 5475, 5483, 5500, 5511, 5642, 5649, 5734, 5776, 5821, 5826, 5973, 6175, 6338, 6346, 6512, 6554, 6624, 6628, 6631, 6636, 6642, 6710, 6750, 6847, 6852, 6859, 6873, 6883, 6888, 6895, 6898, 6912, 6957, 6965, 6969, 6985, 7022, 7085, 7108, 7136, 7213, 7294, 7294, 7315, 7339, 7359, 7608, 7816, 7879, 7947, 8095, 8198, 8341, 8348, 8408, 8417, 8466, 8505, 8520, 8641, 8691, 8983, 9168, 9218, 9411, 9422, 9660, 10046, 10194, 10241, 10412, 10416, 10421, 10435, 10469, 10476, 10556, 10569, 10573, 10615, 10690, 10749, 10754, 10759, 10771, 10819, 10836, 10899, 10922, 10925

42º - toda (83x)
Linhas: 52, 279, 380, 538, 539, 569, 589, 622, 639, 974, 996, 1125, 1157, 1283, 1468, 1576, 1608, 1832, 1835, 1954, 1962, 2122, 2177, 2425, 2619, 2739, 2838, 2870, 3004, 3021, 3038, 3226, 3255, 3276, 3514, 3737, 3749, 3810, 3887, 3913, 4153, 4293, 4504, 4735, 5145, 5203, 5432, 5573, 5596, 5659, 5692, 5895, 5973, 6212, 6302, 6453, 6456, 6859, 6873, 6978, 7062, 7324, 7945, 8198, 8201, 8457, 8485, 8678, 8930, 9332, 9382, 9430, 9819, 9886, 10181, 10295, 10295, 10432, 10435, 10690, 10745, 10786, 11014

43º - todo (69x)
Linhas: 92, 181, 190, 605, 680, 681, 764, 821, 861, 943, 1223, 1267, 1604, 1639, 1648, 1887, 2516, 2520, 2679, 2898, 2906, 3001, 3044, 3178, 3206, 3608, 3962, 4250, 4919, 4969, 5125, 5332, 5496, 5536, 5700, 5771, 5894, 5904, 6004, 6167, 6342, 6386, 6468, 6513, 6878, 6929, 7117, 7675, 8226, 8571, 8588, 8792, 8827, 9057, 9384, 9408, 9438, 9552, 9653, 9662, 9724, 9790, 9804, 9904, 9906, 10342, 10523, 10561, 11074

44º - todos (66x)
Linhas: 258, 387, 439, 542, 570, 752, 824, 1258, 1649, 1798, 1942, 1986, 2142, 2254, 2666, 3126, 3141, 3161, 3304, 3307, 3600, 3788, 4019, 4420, 4447, 4483, 4883, 5000, 5050, 5106, 5146, 5320, 5400, 5459, 5600, 5725, 5738, 5858, 5872, 5884, 5951, 5955, 6014, 6063, 6093, 6121, 6255, 6276, 6321, 6786, 7057, 8923, 9474, 9502, 9659, 9705, 9813, 9956, 10064, 10172, 10240, 10292, 10370, 10409, 10663, 11009

45º - tudo (81x)
Linhas: 62, 339, 407, 574, 644, 654, 662, 662, 681, 719, 781, 1004, 1013, 1053, 1138, 1175, 1187, 1435, 1464, 1558, 1818, 1927, 1938, 2113, 2155, 2162, 2268, 2270, 2274, 2629, 2711, 2959, 3020, 3056, 3159, 3199, 3290, 3350, 3441, 3446, 3710, 3779, 3839, 3972, 4019, 4234, 4765, 4936, 4995, 5364, 5556, 5683, 5774, 5925, 6426, 6604, 7047, 7108, 7303, 7309, 7417, 7456, 8037, 8065, 8118, 8129, 8146, 8202, 8432, 8432, 8461, 8532, 8707, 9084, 9676, 9812, 9972, 10086, 10360, 10684, 10989

46º - tão (210x)
Linhas: 83, 168, 277, 277, 280, 317, 351, 359, 419, 457, 541, 542, 578, 600, 651, 675, 709, 713, 733, 770, 784, 844, 905, 1033, 1059, 1086, 1096, 1138, 1207, 1249, 1249, 1255, 1278, 1305, 1407, 1433, 1582, 1615, 1644, 1782, 1902, 1904, 1907, 1908, 1949, 1968, 2109, 2187, 2208, 2216, 2229, 2267, 2308, 2318, 2347, 2367, 2377, 2536, 2566, 2627, 2651, 2656, 2781, 2818, 2834, 3050, 3144, 3148, 3150, 3171, 3318, 3318, 3335, 3368, 3381, 3404, 3479, 3479, 3489, 3679, 3799, 3820, 4158, 4167, 4178, 4311, 4319, 4348, 4453, 4454, 4547, 4554, 4572, 4632, 4668, 4894, 4932, 4954, 5034, 5079, 5099, 5304, 5322, 5365, 5403, 5514, 5594, 5612, 5672, 5684, 5684, 5685, 5685, 5694, 5714, 5715, 5748, 5748, 5806, 5913, 6102, 6145, 6186, 6481, 6501, 6563, 6645, 6666, 6714, 6734, 6746, 6764, 6794, 6844, 6848, 6873, 6874, 6925, 6939, 6945, 6994, 6999, 7094, 7218, 7225, 7335, 7475, 7477, 7497, 7509, 7565, 7595, 7609, 7648, 7649, 7667, 7685, 7685, 7689, 7738, 7798, 7996, 7996, 8070, 8114, 8150, 8182, 8208, 8218, 8222, 8229, 8237, 8306, 8306, 8308, 8308, 8420, 8629, 8713, 8732, 8733, 8817, 9110, 9180, 9223, 9361, 9389, 9440, 9447, 9478, 9646, 9759, 10020, 10026, 10202, 10225, 10314, 10321, 10365, 10365, 10374, 10619, 10645, 10711, 10740, 10772, 10851, 10892, 10990, 11023

47º - vão (75x)
Linhas: 51, 142, 221, 378, 504, 949, 961, 1272, 1292, 1315, 1336, 1493, 1574, 1766, 1894, 2152, 2154, 2744, 2789, 2967, 3080, 3295, 3297, 3701, 3742, 3843, 3873, 4002, 4068, 4097, 4099, 4149, 4281, 4301, 4372, 4573, 4612, 5031, 5082, 6008, 6168, 6356, 6427, 6626, 6846, 7144, 7184, 7206, 7804, 8308, 8672, 8688, 8798, 8802, 8880, 8898, 9030, 9044, 9063, 9067, 9261, 9277, 9284, 9553, 9570, 9582, 9595, 9599, 9603, 9666, 9696, 10370, 10390, 10979, 11024

48º - à (109x)
Linhas: 357, 431, 479, 594, 660, 684, 729, 793, 860, 975, 1002, 1016, 1059, 1104, 1399, 1653, 1663, 1684, 1755, 1779, 1859, 2054, 2109, 2459, 2461, 2578, 2799, 2831, 2836, 3034, 3299, 3405, 3416, 3467, 3499, 3601, 4030, 4090, 4137, 4144, 4283, 4314, 4649, 4745, 4745, 4830, 5172, 5452, 5583, 5601, 5666, 5777, 6238, 6275, 6378, 6384, 6427, 6432, 6434, 6477, 6572, 6613, 6703, 6725, 6852, 6978, 7095, 7447, 7488, 7606, 7710, 7749, 7819, 7827, 7965, 8250, 8402, 8405, 8417, 8450, 8693, 8714, 8727, 8837, 8852, 8924, 9052, 9090, 9234, 9304, 9328, 9492, 9541, 9606, 9616, 9744, 9923, 10023, 10125, 10556, 10565, 10631, 10710, 10761, 10824, 10836, 10954, 11002, 11076

49º - é (135x)
Linhas: 128, 132, 271, 301, 363, 413, 428, 553, 715, 906, 1021, 1066, 1079, 1463, 1492, 1498, 1782, 1869, 1932, 1949, 2045, 2217, 2265, 2386, 2411, 2434, 3216, 3495, 3834, 3908, 3951, 3953, 3979, 4141, 4393, 4399, 4438, 4464, 4498, 4570, 4570, 4593, 4663, 4680, 4713, 4836, 4865, 5053, 5144, 5244, 5533, 5619, 5655, 5683, 5701, 5797, 5918, 6102, 6111, 6222, 6252, 6255, 6507, 6593, 6628, 6631, 6996, 7016, 7076, 7108, 7139, 7219, 7369, 7378, 7386, 7387, 7414, 7522, 7552, 7552, 7554, 7557, 7590, 7614, 7651, 7664, 7674, 7678, 7768, 7781, 7786, 7901, 7906, 8050, 8064, 8118, 8176, 8191, 8198, 8305, 8316, 8322, 8419, 8441, 8704, 8734, 8874, 8999, 9134, 9248, 9250, 9339, 9358, 9393, 9449, 9493, 9589, 9909, 10066, 10312, 10315, 10335, 10366, 10530, 10531, 10582, 10741, 10800, 10815, 10845, 10846, 10886, 10893, 10930, 11026

50º - outros (60x)
Linhas: 173, 258, 500, 894, 1354, 1943, 1998, 2139, 2730, 3357, 3360, 3709, 3761, 3883, 3960, 3988, 4029, 4099, 4391, 4538, 4539, 4587, 5030, 5200, 5310, 5322, 5382, 5392, 5786, 5885, 6014, 6088, 6307, 6427, 6524, 6612, 6785, 7053, 7106, 7144, 7805, 7954, 7974, 8288, 8664, 8667, 8809, 8860, 8912, 9150, 9231, 9277, 10224, 10239, 10320, 10491, 10576, 10699, 10764, 10890

