1º - ah (50x)
Linhas: 370, 614, 1022, 1025, 1380, 1392, 1424, 1449, 1481, 2163, 2572, 2677, 2707, 2756, 2806, 2827, 2889, 2903, 2904, 2914, 2941, 2997, 3671, 3735, 4029, 4655, 4666, 4693, 4705, 4728, 4740, 4791, 4792, 4826, 4828, 4836, 4844, 4906, 5121, 5151, 5191, 5204, 5225, 5241, 5266, 5336, 5363, 5484, 5568, 5589

2º - alma (106x)
Linhas: 291, 329, 363, 437, 514, 565, 678, 685, 725, 832, 835, 837, 843, 860, 862, 875, 877, 881, 995, 1051, 1069, 1112, 1213, 1290, 1398, 1461, 1477, 1477, 1543, 1576, 1785, 1795, 1810, 2114, 2213, 2324, 2325, 2383, 2392, 2575, 2625, 2677, 2804, 2874, 3343, 4031, 4070, 4071, 4083, 4091, 4097, 4098, 4098, 4100, 4109, 4116, 4126, 4127, 4131, 4134, 4138, 4142, 4158, 4162, 4174, 4179, 4185, 4191, 4193, 4196, 4201, 4206, 4208, 4212, 4213, 4219, 4232, 4236, 4244, 4248, 4260, 4263, 4263, 4310, 4330, 4712, 4718, 4721, 4838, 5025, 5239, 5295, 5319, 5330, 5361, 5482, 5713, 5728, 5765, 5774, 5777, 5778, 5782, 5788, 5802, 5838

3º - dentro (54x)
Linhas: 258, 694, 739, 752, 757, 818, 836, 880, 1022, 1030, 1143, 1319, 1427, 1454, 1494, 2128, 2172, 2174, 2361, 2735, 2748, 2879, 2943, 2976, 2977, 2981, 2984, 4509, 4642, 4754, 4761, 4781, 4796, 4809, 4824, 4877, 5063, 5182, 5183, 5319, 5322, 5323, 5389, 5396, 5434, 5463, 5466, 5469, 5494, 5621, 5625, 5894, 5910, 5976

4º - dia (44x)
Linhas: 997, 1017, 1140, 1163, 1166, 1195, 1207, 1207, 1229, 1233, 1277, 1303, 1303, 1304, 1336, 1336, 1364, 1377, 1399, 1400, 1400, 1400, 1402, 1421, 1489, 1504, 1966, 2010, 2149, 2182, 2364, 2612, 2617, 3461, 3610, 3615, 3780, 4252, 5538, 5888, 5922, 5977, 5991, 5999

5º - dôr (39x)
Linhas: 316, 531, 720, 741, 797, 822, 824, 824, 824, 1596, 1675, 1891, 1893, 2387, 2464, 3446, 3575, 4073, 4075, 4126, 4140, 4162, 4178, 4184, 4191, 4194, 4226, 4299, 4316, 4316, 4318, 4319, 4319, 4320, 4320, 4320, 4323, 5032, 5039

6º - era (64x)
Linhas: 426, 471, 480, 581, 582, 966, 969, 997, 1074, 1083, 1084, 1086, 1110, 1145, 1212, 1257, 1263, 1280, 1281, 1285, 1297, 1297, 1366, 1367, 1413, 1737, 1741, 1742, 1781, 1787, 1907, 1917, 1929, 1930, 1986, 2100, 2116, 2250, 2250, 2253, 2694, 2707, 2873, 2873, 2938, 3087, 3286, 3754, 4039, 4480, 4536, 4880, 5083, 5192, 5194, 5195, 5196, 5197, 5198, 5347, 5396, 5399, 5405, 5508

7º - foi (40x)
Linhas: 190, 726, 728, 735, 735, 736, 999, 1078, 1079, 1182, 1259, 1345, 1412, 1413, 1417, 1417, 1462, 1499, 1504, 1909, 1997, 2010, 2039, 2146, 2146, 2150, 2152, 2156, 2166, 2216, 2275, 2525, 2923, 4209, 4498, 5126, 5153, 5378, 5417, 5525

8º - gente (43x)
Linhas: 1039, 1098, 1124, 1192, 1254, 1256, 1264, 1502, 2549, 2558, 2598, 2628, 2629, 2637, 2640, 2665, 2688, 2803, 2836, 2914, 2921, 2997, 4712, 4713, 4904, 4942, 4942, 4943, 4944, 4944, 4944, 4945, 5092, 5144, 5238, 5528, 5536, 5585, 5593, 5593, 5981, 5982, 5985

9º - ha (72x)
Linhas: 289, 314, 316, 422, 430, 436, 585, 906, 914, 919, 1033, 1042, 1047, 1062, 1122, 1153, 1288, 1292, 1312, 1419, 1420, 1421, 1466, 1472, 1502, 2129, 2244, 2245, 2520, 2565, 2575, 2605, 2628, 2669, 2670, 2748, 2820, 3246, 3251, 3543, 3615, 3793, 3912, 4011, 4013, 4020, 4285, 4378, 4433, 4433, 4438, 4443, 4474, 4577, 4633, 4715, 5134, 5135, 5322, 5323, 5364, 5372, 5505, 5525, 5559, 5562, 5701, 5767, 5962, 5968, 6038, 6040

10º - isto (47x)
Linhas: 246, 998, 1000, 1079, 1101, 1103, 1148, 1257, 1289, 1338, 1378, 1392, 1392, 1394, 1415, 1435, 1476, 1503, 1505, 2647, 2657, 2667, 2714, 2908, 2917, 2959, 3888, 3888, 4146, 4749, 5095, 5096, 5139, 5197, 5197, 5290, 5290, 5290, 5378, 5405, 5417, 5442, 5525, 5552, 5564, 5589, 5589

11º - já (76x)
Linhas: 265, 440, 969, 1020, 1038, 1094, 1110, 1158, 1168, 1210, 1211, 1229, 1260, 1364, 1369, 1386, 1414, 1418, 1419, 1422, 1422, 1433, 1454, 1459, 1460, 1465, 1466, 1873, 1884, 1907, 1917, 1935, 2041, 2063, 2104, 2182, 2232, 2236, 2394, 2510, 2542, 2619, 2662, 2977, 3208, 3214, 3225, 3229, 3231, 3255, 3262, 3445, 3649, 3712, 3781, 3814, 3822, 4152, 4181, 4230, 4231, 4236, 4304, 4393, 4443, 4484, 4524, 4765, 4823, 5077, 5180, 5387, 5488, 5538, 5641, 5831

12º - longe (42x)
Linhas: 812, 996, 999, 1041, 1051, 1166, 1171, 1173, 1516, 1566, 1589, 1648, 1714, 1736, 1756, 1770, 1877, 1877, 2310, 2448, 2449, 3712, 3766, 3823, 4193, 4503, 4627, 4641, 4843, 4848, 4879, 4908, 4994, 5029, 5330, 5364, 5461, 5511, 5535, 5626, 5626, 5966

13º - luar (42x)
Linhas: 329, 474, 577, 617, 1929, 2111, 2262, 2329, 3916, 4082, 4091, 4100, 4104, 4106, 4112, 4116, 4116, 4123, 4127, 4138, 4143, 4149, 4151, 4153, 4158, 4160, 4167, 4170, 4179, 4183, 4185, 4191, 4197, 4203, 4213, 4216, 4234, 4240, 4249, 5383, 5767, 5977

14º - mais (104x)
Linhas: 329, 486, 488, 489, 810, 933, 991, 1041, 1055, 1079, 1121, 1122, 1122, 1123, 1134, 1225, 1230, 1236, 1240, 1267, 1270, 1270, 1329, 1334, 1337, 1339, 1346, 1354, 1367, 1369, 1396, 1396, 1398, 1421, 1442, 1471, 1493, 1687, 1841, 1943, 1981, 2000, 2037, 2072, 2160, 2160, 2211, 2262, 2509, 2538, 2603, 2653, 2684, 2710, 3353, 3365, 3504, 3536, 3549, 3576, 3590, 3625, 3625, 3712, 3717, 3755, 3766, 3914, 3915, 3986, 3991, 4042, 4132, 4177, 4177, 4205, 4233, 4233, 4270, 4272, 4723, 4733, 4797, 4797, 4798, 4824, 4832, 4832, 4845, 5197, 5318, 5345, 5350, 5387, 5441, 5461, 5461, 5461, 5505, 5638, 5779, 5902, 5911, 5966

15º - mar (40x)
Linhas: 558, 583, 638, 967, 968, 972, 973, 973, 976, 1053, 1082, 1086, 2114, 2249, 2328, 2407, 2871, 2929, 4799, 4879, 4934, 4960, 4960, 4964, 5004, 5004, 5004, 5005, 5115, 5132, 5144, 5290, 5322, 5323, 5330, 5352, 5519, 5566, 5569, 5899

16º - mas (86x)
Linhas: 395, 399, 581, 930, 934, 990, 1010, 1013, 1014, 1061, 1145, 1146, 1157, 1224, 1279, 1307, 1345, 1398, 1416, 1417, 1433, 1449, 1454, 1460, 1475, 1871, 1912, 1930, 1995, 2147, 2150, 2152, 2161, 2165, 2182, 2213, 2354, 2554, 2594, 2687, 2705, 2941, 2959, 3534, 3618, 3671, 3691, 3851, 4144, 4158, 4171, 4197, 4216, 4242, 4313, 4331, 4403, 4404, 4486, 4594, 4634, 4639, 4696, 5104, 5156, 5168, 5290, 5326, 5350, 5377, 5417, 5434, 5437, 5442, 5446, 5449, 5455, 5458, 5459, 5467, 5525, 5552, 5706, 5715, 5822, 5888

17º - mim (39x)
Linhas: 627, 699, 752, 1566, 1828, 2076, 2395, 2446, 2575, 2654, 2669, 2735, 2825, 3360, 3530, 3561, 3626, 4393, 4502, 4667, 4673, 4761, 4824, 4896, 5063, 5319, 5323, 5341, 5389, 5396, 5434, 5470, 5545, 5760, 5764, 5796, 5947, 5955, 5976

18º - minha (166x)
Linhas: 291, 316, 432, 437, 452, 514, 531, 568, 835, 837, 843, 860, 862, 875, 877, 881, 924, 1040, 1051, 1057, 1062, 1069, 1073, 1083, 1087, 1097, 1099, 1112, 1113, 1130, 1141, 1157, 1176, 1204, 1232, 1322, 1349, 1362, 1389, 1426, 1426, 1427, 1434, 1455, 1459, 1473, 1474, 1481, 1505, 1543, 1576, 1810, 1814, 2059, 2060, 2305, 2316, 2330, 2379, 2407, 2427, 2513, 2535, 2540, 2560, 2578, 2638, 2648, 2673, 2685, 2700, 2846, 2855, 2931, 2938, 3249, 3277, 3306, 3329, 3343, 3345, 3528, 3580, 3614, 3654, 3705, 3733, 3820, 4247, 4260, 4562, 4765, 4805, 4811, 4812, 4813, 4818, 4819, 4840, 4914, 4917, 4920, 4923, 4988, 4994, 4999, 5001, 5002, 5006, 5009, 5010, 5017, 5019, 5061, 5118, 5138, 5149, 5164, 5181, 5200, 5205, 5208, 5209, 5210, 5217, 5260, 5263, 5276, 5277, 5295, 5336, 5341, 5361, 5375, 5380, 5381, 5385, 5386, 5459, 5490, 5527, 5543, 5624, 5637, 5639, 5713, 5773, 5778, 5782, 5785, 5789, 5827, 5831, 5834, 5905, 5935, 5938, 5945, 6007, 6013, 6018, 6024, 6029, 6034, 6035, 6041

19º - minhas (48x)
Linhas: 469, 690, 1022, 1043, 1083, 1095, 1097, 1200, 1288, 1404, 1479, 1497, 1838, 2305, 2348, 2741, 2849, 3252, 3324, 3535, 3553, 3563, 3590, 3602, 3623, 3652, 3653, 3923, 4483, 4580, 4585, 4661, 4817, 4897, 4916, 5017, 5036, 5060, 5117, 5164, 5165, 5207, 5216, 5358, 5462, 5767, 5995, 5998

20º - mãos (59x)
Linhas: 531, 690, 709, 774, 838, 1031, 1032, 1033, 1045, 1047, 1054, 1200, 1235, 1541, 1557, 1571, 1580, 1643, 1663, 1673, 1675, 1678, 1696, 1715, 1739, 1750, 1760, 1789, 1997, 2095, 2129, 2158, 2232, 2233, 2305, 3543, 3667, 3780, 3923, 4444, 4530, 4580, 4585, 4882, 5014, 5172, 5284, 5321, 5701, 5705, 5768, 5802, 5803, 5818, 5820, 5834, 5967, 5995, 5998

21º - nem (48x)
Linhas: 309, 439, 543, 781, 1011, 1019, 1045, 1233, 1264, 1264, 1284, 1284, 1284, 1286, 1339, 1935, 2104, 2111, 2267, 2555, 2579, 2588, 2638, 2901, 2901, 2927, 2927, 2927, 2981, 3098, 3279, 3445, 4433, 4434, 4434, 4435, 4439, 4440, 4444, 4445, 4498, 4875, 4958, 5453, 5454, 5454, 5455, 5809

22º - noite (46x)
Linhas: 159, 352, 396, 626, 914, 991, 1125, 1196, 1213, 1330, 1335, 1339, 1435, 1548, 1691, 1803, 2078, 2098, 2116, 2151, 2190, 2192, 2250, 2331, 2355, 2359, 2388, 2534, 2662, 2870, 4032, 4377, 4383, 4387, 4760, 5338, 5522, 5735, 5766, 5825, 5832, 5838, 5969, 5977, 5982, 5986

23º - num (47x)
Linhas: 331, 428, 463, 469, 638, 640, 695, 697, 728, 789, 808, 878, 903, 1208, 1214, 1623, 1645, 1984, 2047, 2196, 2267, 2271, 2274, 2520, 2600, 3574, 3668, 3736, 3854, 3984, 4106, 4124, 4154, 4164, 4194, 4266, 4267, 4279, 4413, 4527, 4698, 4977, 5020, 5575, 5716, 5748, 5966

24º - nunca (46x)
Linhas: 67, 365, 486, 646, 970, 972, 1039, 1055, 1064, 1085, 1091, 1133, 1146, 1169, 1190, 1194, 1246, 1579, 1761, 1981, 2072, 2080, 2329, 2710, 2797, 3134, 3278, 3504, 3536, 3563, 3571, 3806, 3917, 4391, 4460, 4500, 4768, 4952, 4953, 5039, 5201, 5251, 5345, 5458, 5575, 5795

25º - olhos (61x)
Linhas: 1381, 1387, 1572, 1577, 1629, 1663, 1664, 1694, 1695, 1722, 1744, 1746, 1877, 1894, 1972, 1999, 2034, 2072, 2150, 2212, 2236, 2237, 2268, 2350, 2377, 2382, 2383, 2454, 2824, 3463, 3612, 3655, 3692, 3723, 3724, 3724, 3724, 3772, 3791, 3822, 3925, 4026, 4529, 4645, 4890, 4946, 5042, 5092, 5321, 5379, 5399, 5404, 5405, 5423, 5436, 5483, 5691, 5709, 5801, 5949, 5970

26º - onde (69x)
Linhas: 311, 384, 479, 480, 568, 646, 800, 907, 965, 973, 1048, 1072, 1096, 1114, 1169, 1214, 1261, 1261, 1262, 1595, 1669, 1700, 1790, 1939, 1973, 2062, 2125, 2244, 2322, 2329, 2330, 2336, 2514, 2520, 2608, 2625, 2650, 2777, 2902, 2938, 3448, 3539, 3682, 3990, 4032, 4582, 4662, 4833, 4900, 4906, 4953, 5209, 5511, 5529, 5553, 5569, 5585, 5604, 5605, 5690, 5739, 5740, 5767, 5793, 5805, 5948, 6034, 6040, 6040

27º - porque (58x)
Linhas: 934, 935, 941, 959, 1040, 1041, 1064, 1092, 1122, 1127, 1151, 1162, 1221, 1266, 1298, 1350, 1351, 1352, 1355, 1365, 1393, 1405, 1449, 1450, 1451, 1456, 1499, 1506, 1508, 1871, 2036, 2078, 2648, 2667, 2747, 2749, 2869, 2926, 3326, 4015, 4362, 4636, 4695, 4762, 4763, 4794, 4816, 4842, 4845, 4846, 5168, 5170, 5358, 5359, 5510, 5564, 5565, 5913

28º - quando (55x)
Linhas: 741, 1000, 1034, 1046, 1052, 1053, 1063, 1105, 1106, 1112, 1114, 1116, 1124, 1130, 1150, 1152, 1168, 1171, 1205, 1225, 1489, 1570, 1597, 1677, 1698, 1741, 1827, 2042, 2163, 2811, 2873, 2907, 4209, 4260, 4304, 4309, 4317, 4317, 4415, 4474, 4590, 4656, 4689, 4714, 4720, 4742, 5173, 5182, 5184, 5185, 5185, 5228, 5229, 5229, 5429

29º - quem (42x)
Linhas: 906, 1069, 1091, 1102, 1110, 1147, 1154, 1234, 1256, 1257, 1331, 1338, 1450, 1480, 1480, 1490, 1722, 1934, 1935, 1986, 2011, 2672, 2799, 2894, 2923, 3616, 4646, 4653, 4666, 4666, 4671, 4713, 4975, 5278, 5456, 5465, 5559, 5628, 5629, 5630, 5792, 5898

30º - sei (62x)
Linhas: 357, 439, 930, 934, 959, 969, 990, 995, 998, 1009, 1019, 1038, 1059, 1079, 1096, 1099, 1124, 1145, 1169, 1243, 1243, 1288, 1290, 1294, 1297, 1297, 1326, 1327, 1330, 1344, 1354, 1380, 1380, 1398, 1432, 1433, 1454, 1460, 1461, 1468, 1474, 1719, 1722, 2550, 2588, 2658, 2883, 2981, 3354, 3445, 3901, 4659, 4794, 4900, 5191, 5191, 5419, 5602, 5618, 5643, 5691, 5898

31º - sempre (50x)
Linhas: 436, 442, 479, 775, 925, 930, 977, 1002, 1003, 1003, 1051, 1072, 1118, 1133, 1134, 1152, 1224, 1232, 1232, 1491, 1644, 2166, 2537, 2914, 3530, 3606, 3623, 3704, 4157, 4173, 4211, 4317, 4462, 4565, 4715, 4880, 5234, 5254, 5415, 5415, 5415, 5510, 5511, 5519, 5525, 5581, 5581, 5766, 5781, 5787

32º - ser (96x)
Linhas: 55, 59, 180, 227, 430, 627, 740, 783, 812, 814, 920, 941, 969, 1000, 1024, 1042, 1087, 1151, 1151, 1151, 1154, 1177, 1180, 1212, 1283, 1336, 1347, 1397, 1398, 1544, 1605, 1628, 1780, 2353, 2363, 2420, 2465, 2468, 2593, 2595, 2598, 2640, 2690, 2757, 2765, 2806, 2875, 2888, 2893, 2997, 3101, 3122, 3126, 3991, 4137, 4153, 4172, 4173, 4226, 4316, 4318, 4566, 4567, 4677, 5012, 5051, 5106, 5128, 5148, 5151, 5151, 5153, 5154, 5155, 5158, 5160, 5160, 5160, 5166, 5181, 5191, 5194, 5195, 5196, 5198, 5238, 5264, 5453, 5545, 5602, 5724, 5763, 5801, 5834, 5922, 5939

33º - sombra (39x)
Linhas: 491, 650, 699, 710, 711, 751, 773, 787, 863, 1073, 1090, 1113, 1195, 1200, 1618, 1629, 1642, 1718, 1767, 1804, 1832, 1938, 2033, 2141, 2199, 2363, 2378, 3262, 3310, 3560, 4408, 4413, 4703, 5706, 5789, 5794, 5805, 5827, 5902

34º - sonho (68x)
Linhas: 371, 463, 478, 501, 640, 693, 1013, 1019, 1019, 1168, 1194, 1200, 1208, 1209, 1236, 1248, 1281, 1295, 1320, 1326, 1327, 1332, 1333, 1352, 1360, 1367, 1394, 2198, 2390, 3204, 3287, 3357, 3916, 3984, 3994, 4000, 4095, 4102, 4106, 4107, 4133, 4146, 4149, 4156, 4167, 4189, 4224, 4259, 4500, 4504, 4527, 4562, 4563, 4583, 4858, 5379, 5442, 5699, 5701, 5718, 5731, 5735, 5746, 5777, 5797, 5881, 5886, 5903

35º - sou (38x)
Linhas: 500, 543, 543, 544, 585, 688, 699, 1100, 1103, 1652, 1810, 1841, 2448, 2449, 2568, 2577, 2594, 2599, 2608, 2683, 2939, 2986, 3281, 3282, 3284, 3296, 3332, 3335, 3353, 4463, 5180, 5628, 5629, 5630, 5705, 5737, 5779, 5836

36º - são (58x)
Linhas: 63, 228, 253, 311, 317, 643, 1045, 1045, 1242, 1292, 1377, 1565, 1568, 1590, 1596, 1629, 1663, 1665, 1673, 1817, 1838, 2074, 2079, 2107, 2350, 2508, 2627, 2648, 3130, 3555, 3590, 3814, 3814, 4142, 4362, 4452, 4457, 4580, 4581, 4585, 4586, 4785, 4817, 4842, 4851, 5142, 5509, 5535, 5556, 5558, 5565, 5566, 5582, 5764, 5803, 5889, 5914, 5998

37º - só (88x)
Linhas: 369, 428, 495, 586, 641, 783, 907, 1010, 1117, 1154, 1159, 1166, 1237, 1304, 1347, 1400, 1505, 2272, 2408, 2428, 2508, 2543, 2565, 2613, 2749, 2754, 3236, 3539, 3799, 4074, 4076, 4080, 4087, 4126, 4134, 4163, 4191, 4245, 4259, 4260, 4279, 4280, 4280, 4281, 4282, 4290, 4290, 4294, 4312, 4316, 4326, 4330, 4378, 4389, 4393, 4411, 4457, 4458, 4503, 4561, 4754, 4822, 4840, 5115, 5116, 5139, 5161, 5168, 5192, 5194, 5195, 5196, 5197, 5319, 5322, 5366, 5378, 5440, 5457, 5489, 5510, 5552, 5639, 5708, 5810, 5818, 5925, 5984

38º - ter (49x)
Linhas: 560, 1036, 1053, 1054, 1061, 1066, 1084, 1094, 1152, 1163, 1182, 1191, 1199, 1211, 1228, 1273, 1285, 1304, 1387, 1418, 1422, 1436, 1436, 1457, 1459, 1466, 2068, 2155, 2156, 2524, 2543, 2552, 2597, 2623, 2713, 2751, 3549, 3581, 3615, 3631, 3632, 4834, 4834, 4840, 4990, 5050, 5602, 5809, 5818

39º - toda (73x)
Linhas: 55, 296, 391, 599, 840, 842, 875, 877, 1100, 1224, 1282, 1435, 1495, 1889, 1986, 2056, 2082, 2547, 2803, 2836, 2997, 2997, 3122, 3529, 3614, 3631, 3632, 3727, 3728, 3825, 3889, 3919, 4118, 4119, 4144, 4153, 4157, 4206, 4208, 4239, 4260, 4267, 4277, 4279, 4280, 4286, 4286, 4296, 4312, 4322, 4401, 4406, 4478, 4535, 4766, 4767, 4767, 4788, 4789, 4986, 5155, 5182, 5200, 5210, 5226, 5497, 5593, 5728, 5899, 5901, 5982, 5990, 5991

40º - todas (41x)
Linhas: 559, 1023, 1497, 1818, 1867, 1917, 1943, 1965, 2022, 2100, 2209, 2737, 2741, 2764, 2823, 2848, 2944, 2965, 2969, 3710, 4186, 4186, 4198, 4200, 4801, 4865, 4872, 4878, 4897, 5045, 5283, 5356, 5462, 5499, 5530, 5542, 5543, 5544, 5576, 5582, 5978

41º - todo (57x)
Linhas: 384, 997, 1132, 1273, 1376, 2747, 2747, 2756, 2760, 2976, 2977, 3545, 3604, 3647, 3716, 3855, 3924, 4072, 4102, 4103, 4106, 4107, 4120, 4133, 4141, 4203, 4219, 4279, 4531, 4566, 4649, 4649, 4655, 4747, 4823, 4848, 4849, 4912, 4913, 5065, 5146, 5146, 5174, 5175, 5180, 5212, 5273, 5327, 5377, 5379, 5506, 5633, 5943, 5964, 6018, 6025, 6033

42º - todos (54x)
Linhas: 58, 1208, 1287, 1367, 1496, 1498, 1499, 2209, 2224, 2225, 2276, 2279, 2736, 2761, 2822, 2822, 2827, 2844, 2904, 2922, 2926, 2928, 2936, 2943, 2945, 2982, 2983, 2984, 3125, 3633, 3693, 4587, 4775, 4776, 4801, 4801, 4801, 4850, 4977, 4977, 4977, 4978, 4979, 5045, 5128, 5151, 5156, 5282, 5499, 5500, 5544, 5563, 5569, 6019

43º - tudo (117x)
Linhas: 333, 640, 990, 994, 1074, 1090, 1112, 1119, 1154, 1257, 1263, 1285, 1289, 1338, 1350, 1350, 1351, 1378, 1384, 1393, 1394, 1400, 1404, 1423, 1435, 1476, 1489, 1503, 1505, 1505, 2154, 2214, 2408, 2422, 2737, 2759, 2791, 2791, 2797, 2797, 2839, 2844, 2868, 2869, 2903, 2908, 2908, 2959, 2959, 2962, 2962, 2989, 2991, 2991, 3642, 3642, 3656, 3679, 3691, 3705, 3739, 3739, 3810, 3888, 3888, 3913, 4076, 4096, 4096, 4109, 4110, 4110, 4117, 4121, 4122, 4124, 4127, 4128, 4288, 4388, 4417, 4502, 4691, 4767, 4784, 4788, 4832, 4844, 4955, 5095, 5096, 5097, 5098, 5139, 5151, 5161, 5202, 5294, 5294, 5296, 5338, 5378, 5405, 5417, 5442, 5498, 5502, 5525, 5539, 5552, 5558, 5564, 5589, 5589, 5803, 5941, 5947

44º - tão (51x)
Linhas: 604, 949, 950, 973, 1066, 1236, 1273, 1343, 1381, 1384, 1396, 1877, 1877, 1902, 1993, 2327, 2619, 2687, 2865, 2866, 2888, 2927, 3853, 4235, 4486, 4486, 4502, 4869, 5395, 5485, 5498, 5498, 5501, 5509, 5516, 5517, 5518, 5529, 5548, 5558, 5558, 5558, 5590, 5591, 5591, 5601, 5601, 5615, 5615, 5917, 6022

45º - vida (78x)
Linhas: 221, 249, 266, 704, 710, 720, 1011, 1046, 1072, 1087, 1132, 1140, 1223, 1260, 1282, 1282, 1283, 1285, 1329, 1360, 1380, 1448, 2059, 2253, 2328, 2337, 2385, 2407, 2503, 2507, 2540, 2554, 2557, 2570, 2614, 2624, 2637, 2643, 2664, 2673, 2700, 2709, 2758, 2869, 3336, 3392, 3581, 4083, 4088, 4092, 4271, 4313, 4411, 4630, 4721, 4788, 4788, 4805, 4841, 4841, 4844, 4920, 4925, 4957, 5002, 5083, 5083, 5210, 5226, 5464, 5496, 5531, 5556, 5581, 5585, 5592, 5612, 5613

46º - voz (39x)
Linhas: 352, 355, 357, 366, 846, 1060, 1250, 1294, 1346, 1354, 1426, 1426, 1427, 1429, 1433, 1434, 1444, 1459, 1481, 1487, 1501, 1909, 1913, 3759, 4508, 4864, 4872, 5077, 5329, 5343, 5396, 5465, 5466, 5468, 5468, 5468, 5783, 5831, 5925

47º - É (50x)
Linhas: 369, 371, 422, 914, 925, 949, 949, 1051, 1065, 1101, 1124, 1133, 1173, 1340, 1344, 1384, 1429, 1504, 1767, 2408, 2502, 2517, 2567, 2603, 2639, 2933, 3099, 3427, 3438, 3646, 3739, 3739, 4075, 4131, 4132, 4191, 4262, 4274, 4280, 4287, 4331, 4504, 4513, 4554, 4559, 5218, 5585, 5596, 5766, 5778

48º - á (56x)
Linhas: 575, 583, 841, 911, 966, 1052, 1061, 1073, 1115, 1142, 1155, 1183, 1189, 1195, 1205, 1307, 1378, 1403, 1426, 1427, 1451, 1457, 1473, 1868, 1883, 1904, 1984, 1992, 2151, 2248, 2250, 2414, 2415, 2588, 2592, 2638, 2673, 2680, 2870, 3088, 3442, 3579, 3733, 3791, 4040, 5445, 5580, 5612, 5712, 5742, 5773, 5783, 5942, 5979, 5989, 6024

49º - é (238x)
Linhas: 221, 230, 232, 235, 241, 249, 333, 437, 438, 440, 442, 452, 514, 704, 788, 863, 903, 922, 925, 930, 934, 941, 965, 973, 974, 976, 976, 990, 994, 1010, 1019, 1019, 1021, 1021, 1030, 1041, 1042, 1065, 1072, 1072, 1103, 1112, 1113, 1122, 1123, 1123, 1125, 1127, 1134, 1147, 1148, 1154, 1158, 1159, 1162, 1163, 1171, 1180, 1221, 1224, 1224, 1236, 1241, 1275, 1288, 1298, 1302, 1312, 1322, 1328, 1330, 1331, 1333, 1355, 1364, 1380, 1385, 1386, 1391, 1392, 1392, 1392, 1396, 1398, 1399, 1423, 1429, 1434, 1449, 1450, 1451, 1451, 1458, 1461, 1467, 1468, 1468, 1474, 1475, 1480, 1490, 1501, 1508, 1567, 1594, 1599, 1639, 1737, 1843, 2058, 2062, 2154, 2196, 2241, 2245, 2254, 2272, 2283, 2468, 2502, 2514, 2544, 2554, 2557, 2564, 2584, 2608, 2609, 2624, 2624, 2634, 2647, 2657, 2658, 2659, 2685, 2687, 2712, 2712, 2747, 2839, 2865, 2869, 2889, 2908, 2933, 3098, 3283, 3295, 3300, 3341, 3362, 3642, 3649, 3810, 4080, 4081, 4096, 4109, 4112, 4131, 4135, 4158, 4178, 4180, 4183, 4263, 4274, 4277, 4281, 4294, 4295, 4298, 4305, 4316, 4316, 4317, 4319, 4320, 4332, 4364, 4384, 4389, 4403, 4408, 4411, 4497, 4655, 4708, 4765, 4795, 4848, 4849, 4877, 4917, 5024, 5181, 5226, 5375, 5434, 5510, 5511, 5525, 5529, 5536, 5538, 5543, 5548, 5552, 5561, 5584, 5589, 5589, 5613, 5618, 5703, 5729, 5745, 5788, 5803, 5811, 5882, 5886, 5887, 5888, 5892, 5899, 5911, 5913, 5916, 5917, 5921, 5984, 5990, 5991, 6018, 6029, 6033

50º - grande (38x)
Linhas: 97, 436, 1086, 1214, 1418, 2047, 2117, 2157, 2334, 2956, 3165, 3281, 3283, 3293, 3295, 3330, 3583, 3588, 3646, 3668, 3706, 4641, 4674, 4675, 4693, 4694, 4696, 4754, 5069, 5070, 5211, 5231, 5429, 5457, 5531, 5541, 5640, 5934

